crossing time (s)	slope (V/s)	crossing number
281474976710655.000000	54.736362	1839	0.000000
281474976710655.000000	61.349026	1840	0.000000
281474976710655.000000	56.454819	1841	0.000000
281474976710655.000000	42.586887	1842	0.000000
281474976710655.000000	52.082535	1843	0.000000
281474976710655.000000	51.026951	1844	0.000000
281474976710655.000000	40.785767	1845	0.000000
281474976710655.000000	57.617470	1846	0.000000
281474976710655.000000	56.465191	1847	0.000000
281474976710655.000000	56.116936	1848	0.000000
281474976710655.000000	59.045155	1849	0.000000
281474976710655.000000	51.974556	1850	0.000000
281474976710655.000000	44.939289	1851	0.000000
281474976710655.000000	70.626091	1852	0.000000
281474976710655.000000	34.682919	1853	0.000000
281474976710655.000000	43.536072	1854	0.000000
281474976710655.000000	54.346992	1855	0.000000
281474976710655.000000	58.493305	1856	0.000000
281474976710655.000000	37.090305	1857	0.000000
281474976710655.000000	51.355938	1858	0.000000
281474976710655.000000	53.464954	1859	0.000000
281474976710655.000000	50.568012	1860	0.000000
281474976710655.000000	53.400364	1861	0.000000
281474976710655.000000	49.477997	1862	0.000000
281474976710655.000000	70.585686	1863	0.000000
281474976710655.000000	50.983505	1864	0.000000
281474976710655.000000	83.060715	1865	0.000000
281474976710655.000000	51.199902	1866	0.000000
281474976710655.000000	52.057381	1867	0.000000
281474976710655.000000	51.266151	1868	0.000000
281474976710655.000000	70.524834	1869	0.000000
281474976710655.000000	52.153172	1870	0.000000
281474976710655.000000	53.093746	1871	0.000000
281474976710655.000000	50.201302	1872	0.000000
281474976710655.000000	56.402412	1873	0.000000
281474976710655.000000	82.442017	1874	0.000000
281474976710655.000000	52.943024	1875	0.000000
281474976710655.000000	51.318577	1876	0.000000
281474976710655.000000	70.594978	1877	0.000000
281474976710655.000000	49.506145	1878	0.000000
281474976710655.000000	42.598972	1879	0.000000
281474976710655.000000	54.718719	1880	0.000000
281474976710655.000000	56.407600	1881	0.000000
281474976710655.000000	52.698761	1882	0.000000
281474976710655.000000	49.919697	1883	0.000000
281474976710655.000000	51.549076	1884	0.000000
281474976710655.000000	55.818928	1885	0.000000
281474976710655.000000	49.712612	1886	0.000000
281474976710655.000000	50.584473	1887	0.000000
281474976710655.000000	48.676823	1888	0.000000
281474976710655.000000	81.247993	1889	0.000000
281474976710655.000000	67.135567	1890	0.000000
281474976710655.000000	54.127659	1891	0.000000
281474976710655.000000	49.399181	1892	0.000000
281474976710655.000000	39.858784	1893	0.000000
281474976710655.000000	66.594543	1894	0.000000
281474976710655.000000	56.548504	1895	0.000000
281474976710655.000000	40.568356	1896	0.000000
281474976710655.000000	51.724506	1897	0.000000
281474976710655.000000	48.123192	1898	0.000000
281474976710655.000000	51.709072	1899	0.000000
281474976710655.000000	49.870827	1900	0.000000
281474976710655.000000	51.428276	1901	0.000000
281474976710655.000000	55.078056	1902	0.000000
281474976710655.000000	42.343868	1903	0.000000
281474976710655.000000	39.907166	1904	0.000000
281474976710655.000000	58.105370	1905	0.000000
281474976710655.000000	58.768902	1906	0.000000
281474976710655.000000	52.567905	1907	0.000000
281474976710655.000000	48.553417	1908	0.000000
281474976710655.000000	66.266022	1909	0.000000
281474976710655.000000	51.223660	1910	0.000000
281474976710655.000000	50.834660	1911	0.000000
281474976710655.000000	57.355492	1912	0.000000
281474976710655.000000	50.140575	1913	0.000000
281474976710655.000000	49.300205	1914	0.000000
281474976710655.000000	44.176273	1915	0.000000
281474976710655.000000	48.135170	1916	0.000000
281474976710655.000000	41.281544	1917	0.000000
281474976710655.000000	49.351154	1918	0.000000
281474976710655.000000	48.635410	1919	0.000000
281474976710655.000000	37.991909	1920	0.000000
281474976710655.000000	48.302074	1921	0.000000
281474976710655.000000	54.603550	1922	0.000000
281474976710655.000000	49.848919	1923	0.000000
281474976710655.000000	38.753143	1924	0.000000
281474976710655.000000	49.667324	1925	0.000000
281474976710655.000000	48.661716	1926	0.000000
281474976710655.000000	46.268845	1927	0.000000
281474976710655.000000	47.701633	1928	0.000000
281474976710655.000000	52.203121	1929	0.000000
281474976710655.000000	38.848766	1930	0.000000
281474976710655.000000	38.992771	1931	0.000000
281474976710655.000000	41.332737	1932	0.000000
281474976710655.000000	51.398781	1933	0.000000
281474976710655.000000	49.522243	1934	0.000000
281474976710655.000000	56.822819	1935	0.000000
281474976710655.000000	39.911797	1936	0.000000
281474976710655.000000	51.008217	1937	0.000000
281474976710655.000000	45.863949	1938	0.000000
281474976710655.000000	50.146984	1939	0.000000
281474976710655.000000	52.636555	1940	0.000000
281474976710655.000000	55.535488	1941	0.000000
281474976710655.000000	47.621506	1942	0.000000
281474976710655.000000	67.714417	1943	0.000000
281474976710655.000000	47.429466	1944	0.000000
281474976710655.000000	37.792435	1945	0.000000
281474976710655.000000	46.566109	1946	0.000000
281474976710655.000000	38.720261	1947	0.000000
281474976710655.000000	47.017269	1948	0.000000
281474976710655.000000	47.208866	1949	0.000000
281474976710655.000000	46.626835	1950	0.000000
281474976710655.000000	36.557106	1951	0.000000
281474976710655.000000	44.818321	1952	0.000000
281474976710655.000000	48.187767	1953	0.000000
281474976710655.000000	47.057919	1954	0.000000
281474976710655.000000	36.584480	1955	0.000000
281474976710655.000000	45.303791	1956	0.000000
281474976710655.000000	52.467869	1957	0.000000
281474976710655.000000	55.937775	1958	0.000000
281474976710655.000000	65.993011	1959	0.000000
281474976710655.000000	45.170193	1960	0.000000
281474976710655.000000	45.185272	1961	0.000000
281474976710655.000000	45.688885	1962	0.000000
281474976710655.000000	48.183380	1963	0.000000
281474976710655.000000	46.070694	1964	0.000000
281474976710655.000000	50.409370	1965	0.000000
281474976710655.000000	50.220341	1966	0.000000
281474976710655.000000	48.157406	1967	0.000000
281474976710655.000000	45.864586	1968	0.000000
281474976710655.000000	41.308098	1969	0.000000
281474976710655.000000	45.509361	1970	0.000000
281474976710655.000000	52.787498	1971	0.000000
281474976710655.000000	35.939903	1972	0.000000
281474976710655.000000	33.008587	1973	0.000000
281474976710655.000000	38.720116	1974	0.000000
281474976710655.000000	48.828293	1975	0.000000
281474976710655.000000	46.432285	1976	0.000000
281474976710655.000000	48.509949	1977	0.000000
281474976710655.000000	39.496910	1978	0.000000
281474976710655.000000	57.723751	1979	0.000000
281474976710655.000000	45.665352	1980	0.000000
281474976710655.000000	47.256069	1981	0.000000
281474976710655.000000	50.326855	1982	0.000000
281474976710655.000000	34.481827	1983	0.000000
281474976710655.000000	45.014572	1984	0.000000
281474976710655.000000	36.468395	1985	0.000000
281474976710655.000000	44.761452	1986	0.000000
281474976710655.000000	51.186642	1987	0.000000
281474976710655.000000	55.015850	1988	0.000000
281474976710655.000000	42.014141	1989	0.000000
281474976710655.000000	37.010651	1990	0.000000
281474976710655.000000	45.964214	1991	0.000000
281474976710655.000000	36.708385	1992	0.000000
281474976710655.000000	46.435753	1993	0.000000
281474976710655.000000	45.519695	1994	0.000000
281474976710655.000000	48.919121	1995	0.000000
281474976710655.000000	46.492744	1996	0.000000
281474976710655.000000	47.734718	1997	0.000000
281474976710655.000000	34.375275	1998	0.000000
281474976710655.000000	46.994854	1999	0.000000
281474976710655.000000	43.919579	2000	0.000000
281474976710655.000000	63.375984	2001	0.000000
281474976710655.000000	39.375771	2002	0.000000
281474976710655.000000	46.790874	2003	0.000000
281474976710655.000000	45.558804	2004	0.000000
281474976710655.000000	46.711651	2005	0.000000
281474976710655.000000	44.528847	2006	0.000000
281474976710655.000000	45.843124	2007	0.000000
281474976710655.000000	47.910675	2008	0.000000
281474976710655.000000	42.866470	2009	0.000000
281474976710655.000000	48.134491	2010	0.000000
281474976710655.000000	45.219143	2011	0.000000
281474976710655.000000	41.150555	2012	0.000000
281474976710655.000000	47.053589	2013	0.000000
281474976710655.000000	36.774933	2014	0.000000
281474976710655.000000	47.766739	2015	0.000000
281474976710655.000000	55.273540	2016	0.000000
281474976710655.000000	39.248177	2017	0.000000
281474976710655.000000	48.866638	2018	0.000000
281474976710655.000000	38.931633	2019	0.000000
281474976710655.000000	35.447784	2020	0.000000
281474976710655.000000	46.221863	2021	0.000000
281474976710655.000000	44.424831	2022	0.000000
281474976710655.000000	44.601200	2023	0.000000
281474976710655.000000	39.595474	2024	0.000000
281474976710655.000000	45.766491	2025	0.000000
281474976710655.000000	53.961227	2026	0.000000
281474976710655.000000	62.807796	2027	0.000000
281474976710655.000000	36.418003	2028	0.000000
281474976710655.000000	46.107803	2029	0.000000
281474976710655.000000	33.780605	2030	0.000000
281474976710655.000000	43.261036	2031	0.000000
281474976710655.000000	35.864265	2032	0.000000
281474976710655.000000	37.418255	2033	0.000000
281474976710655.000000	39.668526	2034	0.000000
281474976710655.000000	36.184811	2035	0.000000
281474976710655.000000	42.625439	2036	0.000000
281474976710655.000000	39.687649	2037	0.000000
281474976710655.000000	47.341751	2038	0.000000
281474976710655.000000	45.358887	2039	0.000000
281474976710655.000000	41.939426	2040	0.000000
281474976710655.000000	55.797436	2041	0.000000
281474976710655.000000	39.366238	2042	0.000000
281474976710655.000000	46.873539	2043	0.000000
281474976710655.000000	39.836002	2044	0.000000
281474976710655.000000	43.857655	2045	0.000000
281474976710655.000000	42.138004	2046	0.000000
281474976710655.000000	43.041912	2047	0.000000
281474976710655.000000	52.977585	2048	0.000000
281474976710655.000000	42.977150	2049	0.000000
281474976710655.000000	42.346016	2050	0.000000
281474976710655.000000	54.158318	2051	0.000000
281474976710655.000000	35.436214	2052	0.000000
281474976710655.000000	41.120232	2053	0.000000
281474976710655.000000	35.954285	2054	0.000000
281474976710655.000000	42.190536	2055	0.000000
281474976710655.000000	38.524544	2056	0.000000
281474976710655.000000	43.389446	2057	0.000000
281474976710655.000000	35.624424	2058	0.000000
281474976710655.000000	42.462769	2059	0.000000
281474976710655.000000	41.443996	2060	0.000000
281474976710655.000000	42.571331	2061	0.000000
281474976710655.000000	36.607643	2062	0.000000
281474976710655.000000	36.519001	2063	0.000000
281474976710655.000000	34.762539	2064	0.000000
281474976710655.000000	42.414841	2065	0.000000
281474976710655.000000	42.617340	2066	0.000000
281474976710655.000000	33.829521	2067	0.000000
281474976710655.000000	43.529686	2068	0.000000
281474976710655.000000	52.047516	2069	0.000000
281474976710655.000000	48.053398	2070	0.000000
281474976710655.000000	40.171585	2071	0.000000
281474976710655.000000	52.567307	2072	0.000000
281474976710655.000000	45.727604	2073	0.000000
281474976710655.000000	42.705231	2074	0.000000
281474976710655.000000	43.199692	2075	0.000000
281474976710655.000000	36.251526	2076	0.000000
281474976710655.000000	35.271763	2077	0.000000
281474976710655.000000	52.604347	2078	0.000000
281474976710655.000000	34.633381	2079	0.000000
281474976710655.000000	36.703609	2080	0.000000
281474976710655.000000	35.788822	2081	0.000000
281474976710655.000000	45.231030	2082	0.000000
281474976710655.000000	42.027805	2083	0.000000
281474976710655.000000	40.764862	2084	0.000000
281474976710655.000000	46.361046	2085	0.000000
281474976710655.000000	42.245533	2086	0.000000
281474976710655.000000	40.473003	2087	0.000000
281474976710655.000000	37.824005	2088	0.000000
281474976710655.000000	46.538345	2089	0.000000
281474976710655.000000	41.054859	2090	0.000000
281474976710655.000000	40.793076	2091	0.000000
281474976710655.000000	33.344864	2092	0.000000
281474976710655.000000	47.207569	2093	0.000000
281474976710655.000000	49.907104	2094	0.000000
281474976710655.000000	42.042049	2095	0.000000
281474976710655.000000	39.191490	2096	0.000000
281474976710655.000000	42.148762	2097	0.000000
281474976710655.000000	49.939034	2098	0.000000
281474976710655.000000	40.767132	2099	0.000000
281474976710655.000000	39.378750	2100	0.000000
281474976710655.000000	42.890255	2101	0.000000
281474976710655.000000	38.712826	2102	0.000000
281474976710655.000000	43.168213	2103	0.000000
281474976710655.000000	40.023956	2104	0.000000
281474976710655.000000	41.459896	2105	0.000000
281474976710655.000000	37.688446	2106	0.000000
281474976710655.000000	41.329807	2107	0.000000
281474976710655.000000	38.529610	2108	0.000000
281474976710655.000000	40.840755	2109	0.000000
281474976710655.000000	49.056396	2110	0.000000
281474976710655.000000	41.028465	2111	0.000000
281474976710655.000000	39.687698	2112	0.000000
281474976710655.000000	47.190536	2113	0.000000
281474976710655.000000	40.430275	2114	0.000000
281474976710655.000000	40.238262	2115	0.000000
281474976710655.000000	40.973579	2116	0.000000
281474976710655.000000	34.840939	2117	0.000000
281474976710655.000000	45.258438	2118	0.000000
281474976710655.000000	41.503361	2119	0.000000
281474976710655.000000	41.147541	2120	0.000000
281474976710655.000000	41.343025	2121	0.000000
281474976710655.000000	41.493401	2122	0.000000
281474976710655.000000	41.616531	2123	0.000000
281474976710655.000000	34.416298	2124	0.000000
281474976710655.000000	40.599941	2125	0.000000
281474976710655.000000	39.547306	2126	0.000000
281474976710655.000000	41.545467	2127	0.000000
281474976710655.000000	39.813618	2128	0.000000
281474976710655.000000	45.453648	2129	0.000000
281474976710655.000000	31.329208	2130	0.000000
281474976710655.000000	33.793045	2131	0.000000
281474976710655.000000	39.473324	2132	0.000000
281474976710655.000000	39.868221	2133	0.000000
281474976710655.000000	39.025936	2134	0.000000
281474976710655.000000	32.394489	2135	0.000000
281474976710655.000000	37.088058	2136	0.000000
281474976710655.000000	31.962082	2137	0.000000
281474976710655.000000	38.115257	2138	0.000000
281474976710655.000000	33.959526	2139	0.000000
281474976710655.000000	40.164673	2140	0.000000
281474976710655.000000	38.732693	2141	0.000000
281474976710655.000000	49.184074	2142	0.000000
281474976710655.000000	38.811615	2143	0.000000
281474976710655.000000	37.362892	2144	0.000000
281474976710655.000000	33.123482	2145	0.000000
281474976710655.000000	39.331528	2146	0.000000
281474976710655.000000	36.071182	2147	0.000000
281474976710655.000000	37.520100	2148	0.000000
281474976710655.000000	32.283142	2149	0.000000
281474976710655.000000	47.125523	2150	0.000000
281474976710655.000000	38.113205	2151	0.000000
281474976710655.000000	42.821911	2152	0.000000
281474976710655.000000	45.305321	2153	0.000000
281474976710655.000000	32.617771	2154	0.000000
281474976710655.000000	37.311802	2155	0.000000
281474976710655.000000	37.263813	2156	0.000000
281474976710655.000000	38.001659	2157	0.000000
281474976710655.000000	37.397907	2158	0.000000
281474976710655.000000	32.278198	2159	0.000000
281474976710655.000000	35.764030	2160	0.000000
281474976710655.000000	39.836090	2161	0.000000
281474976710655.000000	32.369972	2162	0.000000
281474976710655.000000	33.522465	2163	0.000000
281474976710655.000000	36.733509	2164	0.000000
281474976710655.000000	45.512615	2165	0.000000
281474976710655.000000	31.751751	2166	0.000000
281474976710655.000000	39.372723	2167	0.000000
281474976710655.000000	33.993221	2168	0.000000
