crossing time (s)	slope (V/s)	crossing number
281474976710655.000000	41.186893	1027	0.000000
281474976710655.000000	41.118526	1028	0.000000
281474976710655.000000	41.066029	1029	0.000000
281474976710655.000000	40.734825	1030	0.000000
281474976710655.000000	44.840366	1031	0.000000
281474976710655.000000	44.686756	1032	0.000000
281474976710655.000000	48.724289	1033	0.000000
281474976710655.000000	47.317326	1034	0.000000
281474976710655.000000	59.990074	1035	0.000000
281474976710655.000000	41.388569	1036	0.000000
281474976710655.000000	39.337021	1037	0.000000
281474976710655.000000	35.883617	1038	0.000000
281474976710655.000000	43.128334	1039	0.000000
281474976710655.000000	41.660099	1040	0.000000
281474976710655.000000	36.484367	1041	0.000000
281474976710655.000000	37.053020	1042	0.000000
281474976710655.000000	45.206623	1043	0.000000
281474976710655.000000	43.766972	1044	0.000000
281474976710655.000000	44.987473	1045	0.000000
281474976710655.000000	44.296982	1046	0.000000
281474976710655.000000	43.901714	1047	0.000000
281474976710655.000000	35.323574	1048	0.000000
281474976710655.000000	36.935959	1049	0.000000
281474976710655.000000	37.237659	1050	0.000000
281474976710655.000000	37.439030	1051	0.000000
281474976710655.000000	36.255608	1052	0.000000
281474976710655.000000	43.839497	1053	0.000000
281474976710655.000000	35.389221	1054	0.000000
281474976710655.000000	38.083359	1055	0.000000
281474976710655.000000	53.610771	1056	0.000000
281474976710655.000000	44.660782	1057	0.000000
281474976710655.000000	48.905422	1058	0.000000
281474976710655.000000	44.617714	1059	0.000000
281474976710655.000000	43.266750	1060	0.000000
281474976710655.000000	35.751389	1061	0.000000
281474976710655.000000	49.099968	1062	0.000000
281474976710655.000000	53.504868	1063	0.000000
281474976710655.000000	36.982754	1064	0.000000
281474976710655.000000	47.582077	1065	0.000000
281474976710655.000000	35.629780	1066	0.000000
281474976710655.000000	44.033039	1067	0.000000
281474976710655.000000	35.188854	1068	0.000000
281474976710655.000000	43.182293	1069	0.000000
281474976710655.000000	45.458160	1070	0.000000
281474976710655.000000	44.053944	1071	0.000000
281474976710655.000000	39.793015	1072	0.000000
281474976710655.000000	54.783516	1073	0.000000
281474976710655.000000	43.239296	1074	0.000000
281474976710655.000000	36.230667	1075	0.000000
281474976710655.000000	41.930222	1076	0.000000
281474976710655.000000	45.258266	1077	0.000000
281474976710655.000000	41.418591	1078	0.000000
281474976710655.000000	50.575436	1079	0.000000
281474976710655.000000	42.133476	1080	0.000000
281474976710655.000000	51.358448	1081	0.000000
281474976710655.000000	47.020767	1082	0.000000
281474976710655.000000	43.836212	1083	0.000000
281474976710655.000000	42.081493	1084	0.000000
281474976710655.000000	36.134567	1085	0.000000
281474976710655.000000	42.564590	1086	0.000000
281474976710655.000000	60.315258	1087	0.000000
281474976710655.000000	41.960770	1088	0.000000
281474976710655.000000	35.005901	1089	0.000000
281474976710655.000000	45.261112	1090	0.000000
281474976710655.000000	42.432907	1091	0.000000
281474976710655.000000	44.663628	1092	0.000000
281474976710655.000000	34.586971	1093	0.000000
281474976710655.000000	37.285542	1094	0.000000
281474976710655.000000	46.136593	1095	0.000000
281474976710655.000000	44.897373	1096	0.000000
281474976710655.000000	40.311249	1097	0.000000
281474976710655.000000	49.426487	1098	0.000000
281474976710655.000000	34.688217	1099	0.000000
281474976710655.000000	32.354134	1100	0.000000
281474976710655.000000	41.591061	1101	0.000000
281474976710655.000000	60.349712	1102	0.000000
281474976710655.000000	40.749630	1103	0.000000
281474976710655.000000	47.914989	1104	0.000000
281474976710655.000000	41.516171	1105	0.000000
281474976710655.000000	42.306160	1106	0.000000
281474976710655.000000	33.612076	1107	0.000000
281474976710655.000000	37.617943	1108	0.000000
281474976710655.000000	41.228851	1109	0.000000
281474976710655.000000	41.988838	1110	0.000000
281474976710655.000000	44.171734	1111	0.000000
281474976710655.000000	42.693783	1112	0.000000
281474976710655.000000	44.085354	1113	0.000000
281474976710655.000000	40.636623	1114	0.000000
281474976710655.000000	47.140148	1115	0.000000
281474976710655.000000	42.569221	1116	0.000000
281474976710655.000000	35.798397	1117	0.000000
281474976710655.000000	42.059544	1118	0.000000
281474976710655.000000	52.039173	1119	0.000000
281474976710655.000000	35.296238	1120	0.000000
281474976710655.000000	52.503757	1121	0.000000
281474976710655.000000	47.823997	1122	0.000000
281474976710655.000000	52.805622	1123	0.000000
281474976710655.000000	42.575943	1124	0.000000
281474976710655.000000	41.128273	1125	0.000000
281474976710655.000000	35.972172	1126	0.000000
281474976710655.000000	40.374260	1127	0.000000
281474976710655.000000	39.122520	1128	0.000000
281474976710655.000000	35.785290	1129	0.000000
281474976710655.000000	42.455444	1130	0.000000
281474976710655.000000	42.294754	1131	0.000000
281474976710655.000000	42.908611	1132	0.000000
281474976710655.000000	42.560986	1133	0.000000
281474976710655.000000	34.087360	1134	0.000000
281474976710655.000000	35.076153	1135	0.000000
281474976710655.000000	47.990242	1136	0.000000
281474976710655.000000	42.932869	1137	0.000000
281474976710655.000000	32.927059	1138	0.000000
281474976710655.000000	44.080311	1139	0.000000
281474976710655.000000	42.711391	1140	0.000000
281474976710655.000000	35.138588	1141	0.000000
281474976710655.000000	47.184242	1142	0.000000
281474976710655.000000	41.795269	1143	0.000000
281474976710655.000000	43.882908	1144	0.000000
281474976710655.000000	41.629822	1145	0.000000
281474976710655.000000	42.395157	1146	0.000000
281474976710655.000000	35.449711	1147	0.000000
281474976710655.000000	35.605900	1148	0.000000
281474976710655.000000	42.611263	1149	0.000000
281474976710655.000000	53.100697	1150	0.000000
281474976710655.000000	43.482216	1151	0.000000
281474976710655.000000	41.784019	1152	0.000000
281474976710655.000000	53.818748	1153	0.000000
281474976710655.000000	51.809391	1154	0.000000
281474976710655.000000	41.555946	1155	0.000000
281474976710655.000000	40.993702	1156	0.000000
281474976710655.000000	35.744427	1157	0.000000
281474976710655.000000	46.987827	1158	0.000000
281474976710655.000000	48.769535	1159	0.000000
281474976710655.000000	40.957928	1160	0.000000
281474976710655.000000	39.342682	1161	0.000000
281474976710655.000000	50.199936	1162	0.000000
281474976710655.000000	45.692360	1163	0.000000
281474976710655.000000	47.865723	1164	0.000000
281474976710655.000000	41.008053	1165	0.000000
281474976710655.000000	35.994137	1166	0.000000
281474976710655.000000	35.204304	1167	0.000000
281474976710655.000000	42.699860	1168	0.000000
281474976710655.000000	40.774258	1169	0.000000
281474976710655.000000	42.344486	1170	0.000000
281474976710655.000000	41.640167	1171	0.000000
281474976710655.000000	45.846172	1172	0.000000
281474976710655.000000	40.342823	1173	0.000000
281474976710655.000000	48.123753	1174	0.000000
281474976710655.000000	33.946087	1175	0.000000
281474976710655.000000	39.262028	1176	0.000000
281474976710655.000000	40.493244	1177	0.000000
281474976710655.000000	42.096958	1178	0.000000
281474976710655.000000	34.383018	1179	0.000000
281474976710655.000000	42.250484	1180	0.000000
281474976710655.000000	39.074364	1181	0.000000
281474976710655.000000	35.567520	1182	0.000000
281474976710655.000000	40.132195	1183	0.000000
281474976710655.000000	36.307224	1184	0.000000
281474976710655.000000	33.671104	1185	0.000000
281474976710655.000000	36.213947	1186	0.000000
281474976710655.000000	38.971172	1187	0.000000
281474976710655.000000	31.462231	1188	0.000000
281474976710655.000000	32.703159	1189	0.000000
281474976710655.000000	36.634247	1190	0.000000
281474976710655.000000	32.302776	1191	0.000000
281474976710655.000000	49.636005	1192	0.000000
281474976710655.000000	33.552551	1193	0.000000
281474976710655.000000	32.723583	1194	0.000000
281474976710655.000000	40.309841	1195	0.000000
281474976710655.000000	37.865166	1196	0.000000
281474976710655.000000	31.208649	1197	0.000000
281474976710655.000000	44.469681	1198	0.000000
281474976710655.000000	32.915771	1199	0.000000
281474976710655.000000	40.827614	1200	0.000000
281474976710655.000000	34.757679	1201	0.000000
281474976710655.000000	41.664196	1202	0.000000
281474976710655.000000	39.498600	1203	0.000000
281474976710655.000000	36.038864	1204	0.000000
281474976710655.000000	48.609406	1205	0.000000
281474976710655.000000	40.304283	1206	0.000000
281474976710655.000000	35.131851	1207	0.000000
281474976710655.000000	33.072186	1208	0.000000
281474976710655.000000	40.273109	1209	0.000000
281474976710655.000000	34.790092	1210	0.000000
281474976710655.000000	35.532810	1211	0.000000
281474976710655.000000	35.990437	1212	0.000000
281474976710655.000000	40.104156	1213	0.000000
281474976710655.000000	41.856480	1214	0.000000
281474976710655.000000	39.290466	1215	0.000000
281474976710655.000000	47.549259	1216	0.000000
281474976710655.000000	39.624939	1217	0.000000
281474976710655.000000	41.115433	1218	0.000000
281474976710655.000000	33.435455	1219	0.000000
281474976710655.000000	46.526066	1220	0.000000
281474976710655.000000	39.056992	1221	0.000000
281474976710655.000000	46.507404	1222	0.000000
281474976710655.000000	40.582382	1223	0.000000
281474976710655.000000	40.587925	1224	0.000000
281474976710655.000000	43.682644	1225	0.000000
281474976710655.000000	45.643730	1226	0.000000
281474976710655.000000	39.518085	1227	0.000000
281474976710655.000000	34.125710	1228	0.000000
281474976710655.000000	32.903675	1229	0.000000
281474976710655.000000	38.800251	1230	0.000000
281474976710655.000000	39.471081	1231	0.000000
281474976710655.000000	31.408344	1232	0.000000
281474976710655.000000	31.107788	1233	0.000000
281474976710655.000000	38.265644	1234	0.000000
281474976710655.000000	35.091557	1235	0.000000
281474976710655.000000	38.982494	1236	0.000000
281474976710655.000000	35.364838	1237	0.000000
281474976710655.000000	38.548515	1238	0.000000
281474976710655.000000	39.370907	1239	0.000000
281474976710655.000000	34.613892	1240	0.000000
281474976710655.000000	31.603458	1241	0.000000
281474976710655.000000	43.780876	1242	0.000000
281474976710655.000000	33.575035	1243	0.000000
281474976710655.000000	39.580067	1244	0.000000
281474976710655.000000	36.065170	1245	0.000000
281474976710655.000000	37.835808	1246	0.000000
281474976710655.000000	44.973427	1247	0.000000
281474976710655.000000	44.550953	1248	0.000000
281474976710655.000000	34.537212	1249	0.000000
281474976710655.000000	36.471210	1250	0.000000
281474976710655.000000	45.683765	1251	0.000000
281474976710655.000000	45.883919	1252	0.000000
281474976710655.000000	37.861115	1253	0.000000
281474976710655.000000	34.161461	1254	0.000000
281474976710655.000000	38.015808	1255	0.000000
281474976710655.000000	44.230038	1256	0.000000
281474976710655.000000	34.522495	1257	0.000000
281474976710655.000000	38.387562	1258	0.000000
281474976710655.000000	37.399212	1259	0.000000
281474976710655.000000	41.760532	1260	0.000000
281474976710655.000000	28.916462	1261	0.000000
281474976710655.000000	31.725771	1262	0.000000
281474976710655.000000	41.751694	1263	0.000000
281474976710655.000000	38.193531	1264	0.000000
281474976710655.000000	34.794941	1265	0.000000
281474976710655.000000	36.576923	1266	0.000000
281474976710655.000000	38.568897	1267	0.000000
281474976710655.000000	33.041817	1268	0.000000
281474976710655.000000	42.038353	1269	0.000000
281474976710655.000000	45.509190	1270	0.000000
281474976710655.000000	30.616371	1271	0.000000
281474976710655.000000	34.597649	1272	0.000000
281474976710655.000000	44.886841	1273	0.000000
281474976710655.000000	40.885437	1274	0.000000
281474976710655.000000	39.133480	1275	0.000000
281474976710655.000000	38.403336	1276	0.000000
281474976710655.000000	33.690739	1277	0.000000
281474976710655.000000	38.063885	1278	0.000000
281474976710655.000000	39.360775	1279	0.000000
281474976710655.000000	40.347858	1280	0.000000
281474976710655.000000	38.096436	1281	0.000000
281474976710655.000000	31.832220	1282	0.000000
281474976710655.000000	32.102345	1283	0.000000
281474976710655.000000	42.318165	1284	0.000000
281474976710655.000000	36.141464	1285	0.000000
281474976710655.000000	42.930710	1286	0.000000
281474976710655.000000	38.314747	1287	0.000000
281474976710655.000000	37.740459	1288	0.000000
281474976710655.000000	36.248264	1289	0.000000
281474976710655.000000	40.287308	1290	0.000000
281474976710655.000000	31.709007	1291	0.000000
281474976710655.000000	35.691635	1292	0.000000
281474976710655.000000	34.523857	1293	0.000000
281474976710655.000000	31.854126	1294	0.000000
281474976710655.000000	41.516460	1295	0.000000
281474976710655.000000	47.991062	1296	0.000000
281474976710655.000000	37.367599	1297	0.000000
281474976710655.000000	36.960926	1298	0.000000
281474976710655.000000	42.516758	1299	0.000000
281474976710655.000000	36.035233	1300	0.000000
281474976710655.000000	37.074017	1301	0.000000
281474976710655.000000	40.441158	1302	0.000000
281474976710655.000000	31.737696	1303	0.000000
281474976710655.000000	31.341509	1304	0.000000
281474976710655.000000	35.389050	1305	0.000000
281474976710655.000000	36.240829	1306	0.000000
281474976710655.000000	29.073416	1307	0.000000
281474976710655.000000	31.826956	1308	0.000000
281474976710655.000000	29.082220	1309	0.000000
281474976710655.000000	32.108887	1310	0.000000
281474976710655.000000	38.410419	1311	0.000000
281474976710655.000000	44.571335	1312	0.000000
281474976710655.000000	37.119614	1313	0.000000
281474976710655.000000	31.625143	1314	0.000000
281474976710655.000000	36.793812	1315	0.000000
281474976710655.000000	40.031586	1316	0.000000
281474976710655.000000	34.924835	1317	0.000000
281474976710655.000000	34.136959	1318	0.000000
281474976710655.000000	36.965614	1319	0.000000
281474976710655.000000	32.369087	1320	0.000000
281474976710655.000000	40.478752	1321	0.000000
281474976710655.000000	34.857887	1322	0.000000
281474976710655.000000	34.293575	1323	0.000000
281474976710655.000000	37.039398	1324	0.000000
281474976710655.000000	45.740204	1325	0.000000
281474976710655.000000	34.946247	1326	0.000000
281474976710655.000000	31.992809	1327	0.000000
281474976710655.000000	29.773214	1328	0.000000
281474976710655.000000	35.965214	1329	0.000000
