time (s)	det(V)
2155.201504	1.341234	
2155.203504	1.399774	
2155.205503	1.463101	
2155.209504	1.580181	
2155.211504	1.617442	
2155.213504	1.621250	
2155.215504	1.621674	
2155.217504	1.621733	
2155.221504	1.621755	
2155.225504	1.621757	
2155.227504	1.621733	
2155.229504	1.621751	
2155.231503	1.621772	
2155.233504	1.621787	
2155.237503	1.621778	
2155.239504	1.621752	
2155.241504	1.621749	
2155.243504	1.621755	
2155.245506	1.621742	
2155.247505	1.621778	
2155.249503	1.621741	
2155.251503	1.621728	
2155.253504	1.621795	
2155.255504	1.621743	
2155.257504	1.621764	
2155.259504	1.621719	
2155.261503	1.621753	
2155.265504	1.621738	
2155.267504	1.621770	
2155.269503	1.621748	
2155.271504	1.621714	
2155.273506	1.621758	
2155.277503	1.621763	
2155.279504	1.621754	
2155.281504	1.621765	
2155.285504	1.621759	
2155.287505	1.621760	
2155.289504	1.621762	
2155.291504	1.621741	
2155.293504	1.621757	
2155.295504	1.621731	
2155.299504	1.621761	
2155.303506	1.621774	
2155.305505	1.621720	
2155.307506	1.621717	
2155.309504	1.621732	
2155.311505	1.621701	
2155.315504	1.621690	
2155.317504	1.621506	
2155.319504	1.620818	
2155.321504	1.618544	
2155.323504	1.594608	
2155.325504	1.553589	
2155.327504	1.522882	
2155.329504	1.478974	
2155.331504	1.445719	
2155.333504	1.414849	
2155.335505	1.366903	
2155.337504	1.333298	
2155.339503	1.294505	
2155.343506	1.256635	
2155.345504	1.200742	
2155.347504	1.167148	
2155.349504	1.145918	
2155.351504	1.104103	
2155.355504	1.072631	
2155.357504	0.992279	
2155.359504	0.970505	
2155.361504	0.942973	
2155.363504	0.913904	
2155.365504	0.895808	
2155.367503	0.867707	
2155.369504	0.835319	
2155.371504	0.810753	
2155.373504	0.782575	
2155.375504	0.748548	
2155.377503	0.730613	
2155.381504	0.703544	
2155.383504	0.667931	
2155.385504	0.640338	
2155.387504	0.622705	
2155.389504	0.596647	
2155.391504	0.570379	
2155.395503	0.559815	
2155.397504	0.512571	
2155.399504	0.507040	
2155.403504	0.479725	
2155.405504	0.451410	
2155.407504	0.428496	
2155.409504	0.418788	
2155.411503	0.403813	
2155.413503	0.389755	
2155.417504	0.378590	
2155.421506	0.346974	
2155.423504	0.323509	
2155.425504	0.308291	
2155.427503	0.302644	
2155.429504	0.289650	
2155.433503	0.282314	
2155.435504	0.252614	
2155.437504	0.245906	
2155.439504	0.232198	
2155.441505	0.220580	
2155.443504	0.221594	
2155.445504	0.211212	
2155.447503	0.203812	
2155.449504	0.204391	
2155.451504	0.191166	
2155.453506	0.177923	
2155.455504	0.171894	
2155.459504	0.151469	
2155.461507	0.148211	
2155.463504	0.144043	
2155.465504	0.149244	
2155.467504	0.139216	
2155.469504	0.130445	
2155.473504	0.127237	
2155.475504	0.105358	
2155.477504	0.105198	
2155.481504	0.098651	
2155.483504	0.103973	
2155.485504	0.093948	
2155.487504	0.090842	
2155.489504	0.084892	
2155.491504	0.077742	
2155.495504	0.077604	
2155.499504	0.065944	
2155.501503	0.070384	
2155.503504	0.064889	
2155.505506	0.064142	
2155.507504	0.048628	
2155.511503	0.055575	
2155.513504	0.043159	
2155.515504	0.048445	
2155.517504	0.043355	
2155.519504	0.041315	
2155.521504	0.043069	
2155.523504	0.038312	
2155.525503	0.030992	
2155.527503	0.035644	
2155.529504	0.033721	
2155.531506	0.029317	
2155.533504	0.032490	
2155.535503	0.022239	
2155.539504	0.023595	
2155.541503	0.016206	
2155.543504	0.024257	
2155.545504	0.020393	
2155.547504	0.019556	
2155.551503	0.027878	
2155.553504	0.012411	
2155.555504	0.013855	
2155.559504	-0.000306	
2155.561504	0.011395	
2155.563504	0.009915	
2155.565504	0.015399	
2155.567504	0.013049	
2155.571503	0.009358	
2155.573504	-0.000993	
2155.577504	-0.003175	
2155.579504	0.002871	
2155.581504	0.007085	
2155.583504	0.013222	
2155.585504	0.002640	
2155.589503	0.004711	
2155.591504	-0.008407	
2155.593504	-0.002600	
2155.597504	-0.003736	
2155.599504	0.011023	
2155.601504	0.003251	
2155.603505	0.001243	
2155.605504	0.004661	
2155.607504	-0.007436	
2155.611504	-0.004571	
2155.615504	-0.008415	
2155.617505	0.002281	
2155.619504	0.001871	
2155.621504	0.001158	
2155.623504	-0.003829	
2155.627503	-0.007472	
2155.629504	-0.008788	
2155.631504	-0.005725	
2155.633504	-0.000048	
2155.637504	-0.002145	
2155.639504	-0.002975	
2155.641504	-0.011044	
2155.643504	-0.000745	
2155.645504	-0.002704	
2155.649504	-0.007753	
2155.653504	-0.005375	
2155.655504	-0.001509	
2155.657504	-0.011575	
2155.659504	-0.006307	
2155.661504	-0.003390	
2155.665504	-0.004550	
2155.667504	-0.005215	
2155.669504	-0.008613	
2155.673504	-0.006063	
2155.675504	-0.007775	
2155.677503	-0.002771	
2155.679503	-0.006382	
2155.681504	-0.002570	
2155.683504	0.003400	
2155.687503	-0.009375	
2155.691504	-0.011654	
2155.693506	-0.004752	
2155.695504	-0.003736	
2155.697504	-0.006899	
2155.699504	0.004160	
2155.703503	-0.001677	
2155.705504	-0.008157	
2155.707504	-0.019459	
2155.711504	-0.010762	
2155.713504	-0.005638	
2155.715504	0.001369	
2155.717504	-0.001184	
2155.719504	-0.005164	
2155.721504	-0.001556	
2155.725504	-0.011944	
2155.729504	-0.008891	
2155.731504	-0.003991	
2155.733504	0.001733	
2155.735504	-0.005170	
2155.737506	-0.004239	
2155.741503	-0.008619	
2155.743504	-0.011307	
2155.745504	-0.013796	
2155.747504	-0.013000	
2155.749504	-0.001591	
2155.751504	-0.006381	
2155.753503	-0.006978	
2155.755504	-0.005238	
2155.757504	-0.019827	
2155.759504	-0.009219	
2155.761504	-0.013548	
2155.763504	-0.017564	
2155.765503	-0.007902	
2155.769504	-0.014744	
2155.771504	-0.009668	
2155.773504	-0.015768	
2155.775503	-0.017923	
2155.777504	-0.012611	
2155.781503	-0.013537	
2155.783504	-0.012668	
2155.785504	-0.021430	
2155.789504	-0.020641	
2155.791504	-0.024641	
2155.793504	-0.018548	
2155.795504	-0.020225	
2155.797504	-0.023764	
2155.801503	-0.012582	
2155.803504	-0.028682	
2155.807504	-0.025532	
2155.809504	-0.028898	
2155.811504	-0.027430	
2155.813504	-0.033004	
2155.815504	-0.023917	
2155.819504	-0.028399	
2155.821503	-0.038023	
2155.823504	-0.041523	
2155.827504	-0.047111	
2155.829504	-0.043010	
2155.831503	-0.039274	
2155.833504	-0.036213	
2155.835505	-0.047286	
2155.837504	-0.045458	
2155.841504	-0.055393	
2155.845504	-0.058615	
2155.847506	-0.061197	
2155.849504	-0.053150	
2155.851504	-0.063524	
2155.853503	-0.065604	
2155.857504	-0.067540	
2155.859504	-0.083978	
2155.861504	-0.086189	
2155.863504	-0.090872	
2155.865505	-0.083965	
2155.867504	-0.087079	
2155.869505	-0.094475	
2155.871504	-0.094622	
2155.873504	-0.106242	
2155.875503	-0.110607	
2155.877504	-0.112658	
2155.879503	-0.122989	
2155.883504	-0.122164	
2155.885504	-0.133626	
2155.887504	-0.135624	
2155.889504	-0.141019	
2155.891504	-0.153616	
2155.893503	-0.153309	
2155.897503	-0.158590	
2155.899504	-0.168545	
2155.901504	-0.184738	
2155.905504	-0.191676	
2155.907505	-0.211337	
2155.909504	-0.211418	
2155.911503	-0.220169	
2155.913504	-0.231019	
2155.915504	-0.228191	
2155.919506	-0.245889	
2155.923504	-0.268493	
2155.925504	-0.290969	
2155.927504	-0.296536	
2155.929504	-0.309770	
2155.931504	-0.317370	
2155.935503	-0.323215	
2155.937504	-0.360453	
2155.939504	-0.375845	
2155.941504	-0.393512	
2155.943505	-0.398199	
2155.945504	-0.409750	
2155.947506	-0.425562	
2155.949504	-0.432720	
2155.951504	-0.455478	
2155.953504	-0.471732	
2155.955504	-0.492038	
2155.957503	-0.521332	
2155.961504	-0.532930	
2155.963504	-0.574171	
2155.965504	-0.581596	
2155.967504	-0.606299	
2155.969503	-0.632232	
2155.971504	-0.653269	
2155.975503	-0.710799	
2155.977505	-0.734864	
2155.979504	-0.761294	
2155.983504	-0.786070	
2155.985505	-0.837945	
2155.987504	-0.866883	
2155.989504	-0.898829	
2155.991505	-0.937143	
2155.995503	-0.959882	
2155.999503	-1.034566	
2156.001504	-1.099024	
2156.003504	-1.131054	
2156.005504	-1.165640	
2156.007505	-1.214390	
2156.009504	-1.244205	
2156.011504	-1.278855	
2156.013504	-1.323457	
2156.015504	-1.359362	
2156.017503	-1.405499	
2156.021504	-1.451316	
2156.023504	-1.540766	
2156.025504	-1.584899	
2156.027505	-1.619576	
2156.029505	-1.634709	
2156.031504	-1.634738	
2156.033505	-1.634768	
2156.035505	-1.634785	
2156.037503	-1.634805	
2156.041505	-1.634845	
2156.043504	-1.634974	
2156.045506	-1.635039	
2156.047504	-1.635098	
2156.049504	-1.635118	
2156.051507	-1.635238	
2156.053505	-1.635264	
2156.055504	-1.635338	
2156.057504	-1.635444	
2156.061504	-1.635482	
2156.063504	-1.635571	
2156.065504	-1.635620	
2156.067504	-1.635615	
2156.069504	-1.635670	
2156.071504	-1.635700	
2156.073504	-1.635707	
2156.075503	-1.635781	
2156.079504	-1.635820	
2156.083504	-1.635948	
2156.085506	-1.635965	
2156.087503	-1.635997	
2156.089504	-1.636002	
2156.091504	-1.636043	
2156.095503	-1.636038	
2156.097504	-1.636048	
2156.099504	-1.636096	
2156.103506	-1.636082	
2156.105504	-1.636080	
2156.107504	-1.636099	
2156.109504	-1.636092	
2156.111504	-1.636068	
2156.115503	-1.636049	
2156.117504	-1.636029	
2156.119504	-1.636011	
2156.121504	-1.635978	
2156.123504	-1.635960	
2156.125504	-1.635856	
2156.127504	-1.635799	
2156.129504	-1.635753	
2156.131504	-1.635682	
2156.133503	-1.635681	
2156.135505	-1.635592	
2156.137504	-1.635591	
2156.141504	-1.635538	
2156.143504	-1.635341	
2156.145504	-1.635228	
2156.147504	-1.635131	
2156.149504	-1.635018	
2156.151504	-1.634961	
2156.153504	-1.634889	
2156.155503	-1.634835	
2156.157504	-1.634787	
2156.161504	-1.634755	
2156.163504	-1.626190	
2156.165504	-1.544363	
2156.167504	-1.470432	
2156.169504	-1.399411	
2156.171504	-1.320366	
2156.173504	-1.250182	
2156.175504	-1.177393	
2156.177503	-1.100556	
2156.181504	-1.028281	
2156.183503	-0.859863	
2156.185504	-0.782809	
2156.187504	-0.700060	
2156.189504	-0.620418	
2156.191504	-0.548818	
2156.193504	-0.458733	
2156.195504	-0.380323	
2156.197504	-0.306077	
2156.199503	-0.215222	
2156.203504	-0.140964	
2156.205504	0.027846	
2156.207504	0.100055	
2156.209504	0.187211	
2156.211504	0.270799	
2156.213504	0.344291	
2156.215504	0.434093	
2156.217504	0.508059	
2156.219504	0.577918	
2156.221504	0.659032	
2156.223503	0.733378	
2156.227504	0.809821	
2156.229504	0.972330	
2156.231505	1.054488	
2156.233504	1.136290	
2156.235504	1.203697	
2156.239503	1.277466	
2156.241504	1.403342	
2156.243503	1.487337	
2156.245504	1.557635	
2156.247505	1.615004	
2156.249504	1.621513	
2156.251504	1.621696	
2156.253504	1.621760	
2156.255503	1.621791	
2156.257504	1.621747	
2156.259504	1.621793	
2156.261503	1.621786	
2156.265504	1.621771	
2156.267504	1.621768	
2156.269504	1.621740	
2156.271504	1.621781	
2156.273504	1.621779	
2156.275505	1.621770	
2156.279503	1.621753	
2156.281504	1.621742	
2156.283503	1.621775	
2156.287504	1.621762	
2156.289504	1.621748	
2156.291505	1.621756	
2156.293505	1.621779	
2156.295504	1.621782	
2156.297506	1.621807	
2156.301504	1.621793	
2156.305504	1.621772	
2156.307504	1.621771	
2156.309504	1.621777	
2156.311504	1.621787	
2156.313506	1.621763	
2156.317504	1.621813	
2156.319504	1.621796	
2156.321504	1.621774	
2156.323504	1.621771	
2156.325505	1.621724	
2156.327504	1.621765	
2156.329504	1.621807	
2156.331504	1.621796	
2156.333503	1.621778	
2156.335503	1.621786	
2156.337504	1.621758	
2156.339505	1.621764	
2156.341503	1.621798	
2156.345504	1.621753	
2156.347504	1.621768	
2156.349504	1.621786	
2156.351504	1.621790	
2156.353504	1.621760	
2156.357503	1.621780	
2156.359504	1.621770	
2156.361504	1.621795	
2156.365504	1.621799	
2156.367504	1.621795	
2156.369503	1.621802	
2156.371503	1.621766	
2156.373503	1.621759	
2156.375504	1.621714	
2156.379504	1.621684	
2156.383506	1.620057	
2156.385504	1.561572	
2156.387504	1.514837	
2156.389504	1.468625	
2156.391504	1.417350	
2156.395503	1.386099	
2156.397503	1.296420	
2156.399504	1.270188	
2156.401504	1.223193	
2156.403504	1.188054	
2156.405504	1.155896	
2156.407503	1.104560	
2156.409503	1.076544	
2156.411503	1.044038	
2156.413504	1.005100	
2156.415503	0.977055	
2156.417503	0.942383	
2156.421504	0.902676	
2156.423504	0.840329	
2156.425504	0.812745	
2156.427503	0.791298	
2156.429504	0.760582	
2156.431504	0.736887	
2156.435503	0.717777	
2156.437504	0.655235	
2156.439503	0.628512	
2156.443504	0.600338	
2156.445504	0.568542	
2156.447503	0.546186	
2156.449504	0.535914	
2156.451503	0.510625	
2156.453504	0.491191	
2156.457504	0.471069	
2156.461504	0.430463	
2156.463504	0.402259	
2156.465504	0.398079	
2156.467504	0.379882	
2156.469504	0.358728	
2156.473504	0.351547	
2156.475504	0.310091	
2156.477503	0.305292	
2156.479504	0.289074	
2156.481505	0.283552	
2156.483505	0.281714	
2156.485504	0.261512	
2156.487504	0.253870	
2156.489504	0.239148	
2156.491505	0.225698	
2156.493505	0.219684	
2156.495504	0.208701	
2156.497503	0.196584	
2156.501504	0.199907	
2156.503504	0.180525	
2156.505504	0.176243	
2156.507504	0.154525	
2156.509504	0.154410	
2156.513503	0.151424	
2156.515503	0.138068	
2156.517504	0.129458	
2156.521504	0.119193	
2156.523504	0.110350	
2156.525504	0.102911	
2156.527504	0.103168	
2156.529504	0.094960	
2156.531504	0.096988	
2156.535504	0.093581	
2156.539504	0.078234	
2156.541504	0.065156	
2156.543504	0.071188	
2156.545504	0.067505	
2156.547503	0.061661	
2156.551504	0.071208	
2156.553504	0.052443	
2156.555504	0.051820	
2156.557504	0.032275	
2156.559504	0.039837	
2156.561504	0.046252	
2156.563505	0.040445	
2156.565504	0.046435	
2156.567504	0.042388	
2156.569504	0.036543	
2156.571504	0.032359	
2156.573504	0.023727	
2156.575503	0.019814	
2156.579505	0.024168	
2156.581504	0.026362	
2156.583504	0.030653	
2156.585504	0.019296	
2156.587504	0.021572	
2156.591503	0.018586	
2156.593504	0.014063	
2156.595504	0.008750	
2156.599504	0.008894	
2156.601504	0.014765	
2156.603504	0.013653	
2156.605504	0.014102	
2156.607504	0.001078	
2156.611503	0.008426	
2156.613504	-0.001317	
2156.617504	0.007591	
2156.619504	0.004805	
2156.621503	0.008251	
2156.623504	0.001550	
2156.625504	-0.003358	
2156.629503	0.004252	
2156.631504	-0.001083	
2156.633504	0.003203	
2156.637504	-0.004751	
2156.639504	-0.002405	
2156.641504	-0.008515	
2156.643504	-0.001549	
2156.645504	-0.001189	
2156.649503	-0.001714	
2156.651506	-0.005357	
2156.655504	-0.007381	
2156.657504	-0.012846	
2156.659504	-0.005588	
2156.661504	-0.001029	
2156.663504	-0.007164	
2156.667504	0.004103	
2156.669504	-0.009581	
2156.671504	-0.004879	
2156.675504	-0.011158	
2156.677504	-0.002195	
2156.679503	-0.005228	
2156.681504	-0.000767	
2156.683504	0.004498	
2156.685504	-0.004492	
2156.689504	-0.006063	
2156.693504	-0.017803	
2156.695504	-0.004634	
2156.697504	-0.002893	
2156.699504	0.003403	
2156.701504	-0.001268	
2156.705503	-0.000811	
2156.707504	-0.017197	
2156.709504	-0.010652	
2156.711504	-0.007970	
2156.715504	0.005232	
2156.717504	0.002292	
2156.719504	-0.004805	
2156.721504	0.001572	
2156.723504	-0.004725	
2156.727504	-0.010239	
2156.731504	-0.008961	
2156.733504	0.005304	
2156.735505	-0.001175	
2156.737504	-0.001467	
2156.739504	-0.004919	
2156.743503	-0.008189	
2156.745504	-0.008457	
2156.747505	-0.008098	
2156.749504	-0.000601	
2156.751508	-0.002250	
2156.753504	-0.002170	
2156.755504	0.002067	
2156.757504	-0.012661	
2156.759504	-0.005429	
2156.761504	-0.000270	
2156.763503	-0.010404	
2156.765503	-0.000525	
2156.769504	-0.002742	
2156.771504	-0.002833	
2156.773504	-0.006113	
2156.775504	-0.005224	
2156.777503	-0.001602	
2156.779504	-0.003949	
2156.783503	0.004640	
2156.785504	-0.007348	
2156.787504	-0.006193	
2156.791504	-0.006947	
2156.793504	0.000663	
2156.795504	-0.003441	
2156.797503	-0.001755	
2156.799503	0.006498	
2156.803503	-0.000448	
2156.805504	-0.004729	
2156.809504	-0.016907	
2156.811503	-0.003496	
2156.813503	-0.005937	
2156.815503	0.002141	
2156.817504	0.000744	
2156.821504	-0.006185	
2156.823504	-0.012130	
2156.825505	-0.013720	
2156.829504	-0.009476	
2156.831504	-0.003282	
2156.833505	0.001059	
2156.835504	-0.006570	
2156.837504	-0.005639	
2156.841503	-0.007641	
2156.843504	-0.012070	
2156.847504	-0.016481	
2156.849504	-0.004106	
2156.851504	-0.011685	
2156.853505	-0.011572	
2156.855504	-0.009833	
2156.859504	-0.026559	
2156.861504	-0.021865	
2156.863506	-0.029383	
2156.867505	-0.017638	
2156.869506	-0.023862	
2156.871504	-0.019070	
2156.873504	-0.029975	
2156.875504	-0.033607	
2156.877504	-0.026276	
2156.881504	-0.035350	
2156.885504	-0.030622	
2156.887504	-0.034309	
2156.889504	-0.040066	
2156.891504	-0.048248	
2156.893505	-0.039651	
2156.897503	-0.044258	
2156.899503	-0.043560	
2156.901505	-0.055355	
2156.905504	-0.055889	
2156.907504	-0.068456	
2156.909504	-0.062064	
2156.911504	-0.062978	
2156.913504	-0.070951	
2156.915505	-0.062150	
2156.919504	-0.073230	
2156.923504	-0.080781	
2156.925503	-0.093779	
2156.927504	-0.090346	
2156.929504	-0.098437	
2156.931504	-0.096639	
2156.935503	-0.094960	
2156.937503	-0.116976	
2156.939504	-0.125801	
2156.941504	-0.137524	
2156.943504	-0.129822	
2156.945504	-0.132893	
2156.947504	-0.139128	
2156.949504	-0.136297	
2156.951503	-0.150318	
2156.953504	-0.154371	
2156.955504	-0.161597	
2156.957504	-0.185979	
2156.959503	-0.185047	
2156.963504	-0.190003	
2156.965503	-0.195880	
2156.967506	-0.204590	
2156.969504	-0.220675	
2156.971507	-0.228007	
2156.975503	-0.240290	
2156.977504	-0.264793	
2156.979504	-0.278388	
2156.981504	-0.284890	
2156.983505	-0.289943	
2156.985504	-0.306740	
2156.987504	-0.315624	
2156.989506	-0.334278	
2156.991504	-0.353650	
2156.993504	-0.352788	
2156.995504	-0.375405	
2156.997503	-0.388734	
2157.001504	-0.394774	
2157.003505	-0.430080	
2157.005506	-0.438978	
2157.007504	-0.469947	
2157.009504	-0.479560	
2157.011503	-0.493808	
2157.013503	-0.517380	
2157.015504	-0.525556	
2157.017504	-0.553483	
2157.019505	-0.578040	
2157.021504	-0.593395	
2157.025504	-0.623261	
2157.027505	-0.657819	
2157.029504	-0.683289	
2157.031504	-0.703420	
2157.033504	-0.724996	
2157.037503	-0.755788	
2157.039504	-0.815762	
2157.041504	-0.848389	
2157.045504	-0.866181	
2157.047504	-0.919105	
2157.049504	-0.940068	
2157.051504	-0.977557	
2157.053504	-1.008301	
2157.057503	-1.033120	
2157.061504	-1.112088	
2157.063504	-1.178150	
2157.065504	-1.195778	
2157.067504	-1.230857	
2157.069504	-1.269810	
2157.071504	-1.302046	
2157.073503	-1.343894	
2157.075504	-1.388706	
2157.077505	-1.423322	
2157.079504	-1.464116	
2157.083504	-1.498713	
2157.085504	-1.580392	
2157.087504	-1.610857	
2157.089504	-1.633440	
2157.091504	-1.634729	
2157.093504	-1.634730	
2157.095505	-1.634763	
2157.097504	-1.634781	
2157.099504	-1.634810	
2157.103504	-1.634845	
2157.105504	-1.634939	
2157.107504	-1.634998	
2157.109504	-1.634970	
2157.111504	-1.635036	
2157.113504	-1.635068	
2157.115504	-1.635101	
2157.117505	-1.635169	
2157.119503	-1.635257	
2157.123504	-1.635301	
2157.125504	-1.635409	
2157.127504	-1.635390	
2157.129504	-1.635417	
2157.131503	-1.635442	
2157.133504	-1.635471	
2157.135504	-1.635522	
2157.137504	-1.635504	
2157.141504	-1.635583	
2157.145506	-1.635553	
2157.147504	-1.635617	
2157.149504	-1.635565	
2157.151503	-1.635570	
2157.153504	-1.635571	
2157.157503	-1.635570	
2157.159504	-1.635563	
2157.161504	-1.635521	
2157.165504	-1.635530	
2157.167504	-1.635459	
2157.169504	-1.635440	
2157.171505	-1.635393	
2157.173504	-1.635380	
2157.177503	-1.635314	
2157.179504	-1.635216	
2157.181504	-1.635161	
2157.183504	-1.635078	
2157.185504	-1.635040	
2157.187504	-1.634926	
2157.189504	-1.634905	
2157.191504	-1.634843	
2157.193504	-1.634810	
2157.195504	-1.634770	
2157.197505	-1.634750	
2157.199503	-1.634704	
2157.203504	-1.623564	
2157.205504	-1.499089	
2157.207505	-1.447375	
2157.209504	-1.370963	
2157.211504	-1.301526	
2157.213504	-1.240034	
2157.215504	-1.165543	
2157.217504	-1.103355	
2157.219504	-1.046114	
2157.223504	-0.975693	
2157.225505	-0.848356	
2157.227504	-0.764746	
2157.229504	-0.695309	
2157.231505	-0.616487	
2157.233504	-0.541636	
2157.235504	-0.476422	
2157.237503	-0.400936	
2157.239503	-0.339383	
2157.241504	-0.274607	
2157.243503	-0.186301	
2157.247504	-0.113114	
2157.249504	0.059939	
2157.251504	0.127259	
2157.253504	0.202417	
2157.255504	0.280146	
2157.259503	0.339178	
2157.261504	0.490230	
2157.263504	0.559096	
2157.267504	0.640670	
2157.269505	0.778882	
2157.271504	0.850774	
2157.273504	0.912046	
2157.275504	0.974879	
2157.279504	1.049070	
2157.281504	1.171768	
2157.285504	1.238584	
2157.287504	1.353259	
2157.289504	1.410130	
2157.291504	1.461626	
2157.293504	1.529919	
2157.297504	1.585641	
2157.299504	1.621378	
2157.301504	1.621629	
2157.303504	1.621718	
2157.305504	1.621694	
2157.307504	1.621754	
2157.309504	1.621730	
2157.311504	1.621761	
2157.313504	1.621797	
2157.315504	1.621768	
2157.317506	1.621790	
2157.319503	1.621774	
2157.323504	1.621764	
2157.325504	1.621806	
2157.327504	1.621793	
2157.329504	1.621821	
2157.331504	1.621790	
2157.333504	1.621774	
2157.337504	1.621791	
2157.339506	1.621795	
2157.341504	1.621775	
2157.345504	1.621744	
2157.347505	1.621757	
2157.349505	1.621775	
2157.351505	1.621770	
2157.353504	1.621751	
2157.355504	1.621765	
2157.359503	1.621795	
2157.363504	1.621792	
2157.365506	1.621781	
2157.367504	1.621745	
2157.369504	1.621730	
2157.371503	1.621768	
2157.375504	1.621728	
2157.377503	1.621736	
2157.379504	1.621754	
2157.381504	1.621746	
2157.383504	1.621695	
2157.385504	1.621764	
2157.387504	1.621751	
2157.389503	1.621787	
2157.391504	1.621751	
2157.393504	1.621765	
2157.395504	1.621755	
2157.397504	1.621717	
2157.399503	1.621699	
2157.403504	1.621453	
2157.405504	1.619802	
2157.407504	1.590904	
2157.409504	1.560707	
2157.411504	1.522032	
2157.415503	1.483658	
2157.417504	1.411238	
2157.419504	1.370758	
2157.423505	1.339316	
2157.425504	1.268238	
2157.427504	1.244220	
2157.429503	1.209428	
2157.431506	1.179174	
2157.433503	1.153468	
2157.437504	1.108820	
2157.441504	1.043942	
2157.443504	0.989468	
2157.445504	0.957470	
2157.447507	0.933450	
2157.449504	0.910163	
2157.453503	0.877112	
2157.455504	0.818956	
2157.457504	0.779900	
2157.459504	0.760022	
2157.461505	0.741120	
2157.463505	0.717198	
2157.465504	0.704125	
2157.467504	0.677522	
2157.469504	0.649659	
2157.471504	0.631798	
2157.473504	0.598288	
2157.475504	0.574567	
2157.477504	0.558278	
2157.481504	0.539533	
2157.483504	0.510810	
2157.485504	0.488320	
2157.487503	0.471004	
2157.489504	0.451166	
2157.493503	0.429417	
2157.495504	0.401768	
2157.497504	0.389038	
2157.501504	0.381368	
2157.503504	0.354612	
2157.505504	0.341819	
2157.507504	0.317431	
2157.509504	0.313691	
2157.511504	0.304958	
2157.515504	0.286720	
2157.519504	0.271661	
2157.521504	0.253555	
2157.523504	0.239863	
2157.525506	0.225671	
2157.527504	0.224210	
2157.531503	0.215411	
2157.533504	0.201516	
2157.535504	0.185315	
2157.537504	0.179586	
2157.539506	0.170617	
2157.541506	0.160991	
2157.543504	0.164197	
2157.545504	0.152679	
2157.547504	0.150746	
2157.549504	0.152839	
2157.551504	0.135054	
2157.553504	0.128014	
2157.555504	0.125955	
2157.559504	0.107390	
2157.561504	0.112590	
2157.563504	0.105610	
2157.565504	0.111875	
2157.567505	0.103666	
2157.571504	0.095312	
2157.573504	0.078524	
2157.575504	0.072472	
2157.579504	0.077059	
2157.581504	0.076770	
2157.583504	0.079566	
2157.585504	0.065666	
2157.587504	0.065595	
2157.589504	0.059912	
2157.593503	0.050565	
2157.597504	0.046276	
2157.599504	0.054961	
2157.601504	0.047385	
2157.603504	0.042500	
2157.605504	0.043391	
2157.609503	0.030403	
2157.611504	0.028062	
2157.613504	0.025588	
2157.615505	0.032808	
2157.617504	0.030728	
2157.619504	0.028400	
2157.621504	0.028292	
2157.623503	0.022135	
2157.625506	0.018463	
2157.627504	0.023844	
2157.629503	0.016469	
2157.631503	0.016835	
2157.635504	0.022211	
2157.637505	0.014311	
2157.639503	0.013673	
2157.641504	0.006295	
2157.643504	0.014578	
2157.645504	0.012083	
2157.647504	0.014560	
2157.649504	0.019055	
2157.651504	0.005465	
2157.653506	0.006450	
2157.655503	0.004730	
2157.659504	-0.006648	
2157.661504	0.007137	
2157.663504	0.005361	
2157.665504	0.012196	
2157.667503	0.009396	
2157.671503	0.005304	
2157.673504	-0.005742	
2157.675504	-0.006179	
2157.679504	-0.003498	
2157.681506	0.005158	
2157.683504	0.009664	
2157.685504	0.000426	
2157.687504	0.003125	
2157.689504	0.000297	
2157.693504	-0.012147	
2157.697504	-0.005145	
2157.699506	0.006590	
2157.701504	0.001823	
2157.703504	-0.000308	
2157.705504	0.001824	
2157.709503	-0.009300	
2157.711504	-0.006375	
2157.713504	-0.011143	
2157.717504	0.000549	
2157.719503	-0.002958	
2157.721504	-0.001348	
2157.723504	-0.007331	
2157.725504	-0.009676	
2157.727504	-0.002139	
2157.731504	-0.008048	
2157.735506	-0.002497	
2157.737504	-0.002676	
2157.739504	-0.004537	
2157.741504	-0.012950	
2157.743503	-0.002302	
2157.747504	-0.002771	
2157.749503	-0.002159	
2157.751503	-0.008104	
2157.753505	-0.009441	
2157.755505	-0.002663	
2157.757503	-0.015019	
2157.759504	-0.005018	
2157.761504	-0.006511	
2157.763504	-0.005823	
2157.765504	0.005814	
2157.767507	-0.004053	
2157.769504	-0.007863	
2157.773504	-0.008285	
2157.775504	-0.014509	
2157.777504	-0.004887	
2157.779504	-0.005275	
2157.781504	-0.000384	
2157.783505	0.001374	
2157.785504	-0.002499	
2157.787505	-0.003653	
2157.789504	-0.012898	
2157.791504	-0.016448	
2157.793503	-0.007191	
2157.797504	-0.011019	
2157.799504	0.002525	
2157.801503	-0.003499	
2157.803504	-0.001739	
2157.805504	-0.002097	
2157.809504	-0.014709	
2157.811504	-0.009338	
2157.813504	-0.014043	
2157.817504	-0.000628	
2157.819504	-0.005633	
2157.821503	-0.003808	
2157.823504	-0.010758	
2157.825504	-0.013949	
2157.829503	-0.006146	
2157.831504	-0.009653	
2157.835504	-0.006652	
2157.837504	-0.007448	
2157.839504	-0.010258	
2157.841504	-0.019161	
2157.843504	-0.008435	
2157.847504	-0.011199	
2157.849506	-0.008893	
2157.851504	-0.015810	
2157.855504	-0.013995	
2157.857505	-0.023275	
2157.859504	-0.013605	
2157.861504	-0.015940	
2157.863504	-0.014940	
2157.865504	-0.004985	
2157.869504	-0.015415	
2157.873506	-0.018138	
2157.875505	-0.021763	
2157.877504	-0.019393	
2157.879504	-0.021788	
2157.881504	-0.017085	
2157.885504	-0.013313	
2157.887504	-0.027116	
2157.889504	-0.032902	
2157.893504	-0.038581	
2157.895505	-0.029114	
2157.897505	-0.025349	
2157.899504	-0.021951	
2157.901504	-0.031082	
2157.903504	-0.028607	
2157.907504	-0.033653	
2157.911504	-0.043616	
2157.913504	-0.040310	
2157.915504	-0.032409	
2157.917505	-0.039282	
2157.919506	-0.045872	
2157.923503	-0.040307	
2157.925503	-0.062227	
2157.927504	-0.054338	
2157.929504	-0.065583	
2157.931504	-0.058112	
2157.933505	-0.052889	
2157.935505	-0.061206	
2157.937504	-0.066363	
2157.939504	-0.072006	
2157.941503	-0.080250	
2157.943504	-0.083289	
2157.945504	-0.080429	
2157.947504	-0.087091	
2157.951504	-0.086895	
2157.953504	-0.093487	
2157.955504	-0.092870	
2157.957504	-0.110781	
2157.959504	-0.109360	
2157.963503	-0.112404	
2157.965504	-0.111239	
2157.967506	-0.128221	
2157.971504	-0.131940	
2157.973504	-0.142182	
2157.975504	-0.146813	
2157.977504	-0.152668	
2157.979506	-0.158903	
2157.981504	-0.157303	
2157.985504	-0.165619	
2157.989504	-0.183411	
2157.991503	-0.210070	
2157.993504	-0.199130	
2157.995504	-0.216266	
2157.997503	-0.222093	
2158.001503	-0.223915	
2158.003504	-0.254914	
2158.005504	-0.258654	
2158.007504	-0.284520	
2158.009505	-0.288839	
2158.011505	-0.288006	
2158.013504	-0.300447	
2158.015507	-0.305994	
2158.017504	-0.319720	
2158.019504	-0.336963	
2158.021508	-0.350677	
2158.023504	-0.370478	
2158.027504	-0.384373	
2158.029504	-0.407346	
2158.031504	-0.414834	
2158.033504	-0.424395	
2158.035505	-0.448460	
2158.037504	-0.468376	
2158.041503	-0.485883	
2158.043504	-0.524142	
2158.045504	-0.548849	
2158.049504	-0.565150	
2158.051504	-0.603666	
2158.053504	-0.622289	
2158.055504	-0.649649	
2158.057504	-0.683346	
2158.059504	-0.700236	
2158.063504	-0.726324	
2158.067504	-0.774706	
2158.069504	-0.832216	
2158.071504	-0.855660	
2158.073504	-0.893494	
2158.075504	-0.927924	
2158.079503	-0.947924	
2158.081504	-1.016556	
2158.083504	-1.045678	
2158.087504	-1.084822	
2158.089504	-1.154019	
2158.091504	-1.196639	
2158.093504	-1.222112	
2158.095504	-1.258782	
2158.099503	-1.295772	
2158.101504	-1.382076	
2158.103504	-1.424996	
2158.105504	-1.464275	
2158.107504	-1.520577	
2158.109504	-1.552512	
2158.111504	-1.592878	
2158.113504	-1.628152	
2158.115504	-1.634679	
2158.117504	-1.634704	
2158.119504	-1.634763	
2158.123504	-1.634778	
2158.125504	-1.634866	
2158.127504	-1.634940	
2158.129506	-1.634971	
2158.131504	-1.634995	
2158.133504	-1.635077	
2158.135504	-1.635164	
2158.137504	-1.635252	
2158.139504	-1.635344	
2158.143504	-1.635409	
2158.145505	-1.635539	
2158.147504	-1.635550	
2158.151503	-1.635627	
2158.153504	-1.635662	
2158.155504	-1.635731	
2158.157504	-1.635745	
2158.161504	-1.635819	
2158.165504	-1.635931	
2158.167506	-1.635956	
2158.169504	-1.635971	
2158.171505	-1.635988	
2158.173503	-1.636041	
2158.177503	-1.636077	
2158.179504	-1.636125	
2158.181504	-1.636142	
2158.185504	-1.636122	
2158.187504	-1.636139	
2158.189504	-1.636125	
2158.191506	-1.636110	
2158.193503	-1.636119	
2158.197503	-1.636067	
2158.199504	-1.636064	
2158.201504	-1.636074	
2158.203504	-1.636026	
2158.205504	-1.635997	
2158.207503	-1.635984	
2158.209504	-1.635883	
2158.211504	-1.635835	
2158.213503	-1.635780	
2158.215504	-1.635689	
2158.217505	-1.635665	
2158.219503	-1.635606	
2158.223504	-1.635549	
2158.225504	-1.635453	
2158.227504	-1.635363	
2158.229504	-1.635292	
2158.231504	-1.635161	
2158.233504	-1.635074	
2158.235503	-1.634999	
2158.237504	-1.634924	
2158.239504	-1.634856	
2158.243504	-1.634816	
2158.245504	-1.634757	
2158.247504	-1.629482	
2158.249504	-1.570341	
2158.251504	-1.507027	
2158.253504	-1.432210	
2158.255504	-1.358289	
2158.257504	-1.300538	
2158.259503	-1.225626	
2158.263504	-1.152539	
2158.265503	-0.993360	
2158.267505	-0.918031	
2158.269504	-0.840037	
2158.271504	-0.758489	
2158.273504	-0.688898	
2158.275504	-0.610062	
2158.277504	-0.524663	
2158.279504	-0.452229	
2158.281503	-0.369822	
2158.285504	-0.285196	
2158.287504	-0.130103	
2158.289504	-0.047019	
2158.291504	0.029262	
2158.293503	0.117882	
2158.295504	0.196688	
2158.299503	0.279423	
2158.301504	0.427952	
2158.303504	0.506316	
2158.307504	0.590832	
2158.309504	0.745785	
2158.311504	0.826293	
2158.313504	0.901314	
2158.315504	0.993922	
2158.319503	1.066894	
2158.321505	1.212097	
2158.325504	1.276509	
2158.327504	1.431708	
2158.329504	1.504801	
2158.331504	1.581832	
2158.333504	1.620611	
2158.337503	1.621591	
2158.339506	1.621756	
2158.341504	1.621741	
2158.343504	1.621733	
2158.345505	1.621728	
2158.347504	1.621757	
2158.349504	1.621752	
2158.351504	1.621793	
2158.353504	1.621782	
2158.355504	1.621749	
2158.357505	1.621753	
2158.359504	1.621741	
2158.363504	1.621770	
2158.365504	1.621698	
2158.367504	1.621773	
2158.369504	1.621754	
2158.371504	1.621774	
2158.373503	1.621707	
2158.377503	1.621740	
2158.379504	1.621776	
2158.381504	1.621762	
2158.385505	1.621729	
2158.387504	1.621772	
2158.389504	1.621736	
2158.391504	1.621755	
2158.393505	1.621767	
2158.395504	1.621753	
2158.399504	1.621762	
2158.403504	1.621754	
2158.405505	1.621736	
2158.407504	1.621745	
2158.409506	1.621712	
2158.411504	1.621768	
2158.415505	1.621768	
2158.417504	1.621781	
2158.419504	1.621782	
2158.421504	1.621772	
2158.423504	1.621712	
2158.425504	1.621790	
2158.427504	1.621741	
2158.429504	1.621782	
2158.431504	1.621745	
2158.433504	1.621751	
2158.435504	1.621782	
2158.437504	1.621774	
2158.441504	1.621746	
2158.443506	1.621734	
2158.445505	1.621768	
2158.447506	1.621757	
2158.449505	1.621720	
2158.451504	1.621759	
2158.455503	1.621754	
2158.457504	1.621728	
2158.459504	1.621696	
2158.463504	1.621646	
2158.465504	1.621369	
2158.467504	1.619887	
2158.469504	1.595194	
2158.471504	1.554901	
2158.473504	1.501221	
2158.477504	1.451176	
2158.481504	1.369149	
2158.483504	1.304994	
2158.485505	1.261758	
2158.487504	1.226657	
2158.489504	1.186995	
2158.493504	1.144764	
2158.495503	1.072710	
2158.497504	1.042473	
2158.499504	1.014089	
2158.501504	0.975653	
2158.503504	0.946528	
2158.505504	0.919313	
2158.507503	0.870670	
2158.509504	0.849972	
2158.511505	0.825943	
2158.513504	0.788122	
2158.515503	0.772098	
2158.519503	0.738868	
2158.521504	0.689441	
2158.523504	0.658955	
2158.525504	0.635598	
2158.527504	0.617878	
2158.529504	0.591076	
2158.533503	0.576723	
2158.535504	0.525010	
2158.537504	0.506447	
2158.541504	0.483755	
2158.543504	0.456135	
2158.545504	0.436589	
2158.547504	0.423069	
2158.549504	0.414509	
2158.551504	0.390990	
2158.555504	0.372251	
2158.559504	0.330041	
2158.561504	0.318896	
2158.563504	0.302649	
2158.565504	0.304433	
2158.567504	0.284965	
2158.571504	0.271408	
2158.573504	0.239235	
2158.575505	0.229425	
2158.577504	0.224708	
2158.579505	0.213889	
2158.581506	0.212531	
2158.583504	0.209378	
2158.585504	0.193529	
2158.587504	0.186908	
2158.589504	0.177550	
2158.591504	0.157548	
2158.593504	0.160759	
2158.595503	0.150090	
2158.599504	0.146630	
2158.601504	0.136673	
2158.603504	0.132779	
2158.605504	0.130216	
2158.607503	0.108306	
2158.611503	0.112932	
2158.613504	0.096319	
2158.615504	0.102848	
2158.619504	0.094427	
2158.621503	0.091565	
2158.623503	0.078497	
2158.625504	0.073866	
2158.627503	0.077187	
2158.629504	0.070290	
2158.633505	0.066525	
2158.637504	0.057866	
2158.639504	0.054756	
2158.641504	0.046046	
2158.643504	0.054244	
2158.645503	0.048522	
2158.649503	0.050282	
2158.651504	0.036639	
2158.653504	0.035693	
2158.655504	0.036746	
2158.657506	0.021023	
2158.659504	0.031624	
2158.661505	0.031645	
2158.663504	0.024512	
2158.665504	0.035956	
2158.667504	0.030301	
2158.669504	0.020236	
2158.671503	0.021418	
2158.675504	0.011578	
2158.677504	0.015002	
2158.679504	0.012858	
2158.681504	0.018766	
2158.683504	0.019103	
2158.685504	0.013548	
2158.689504	0.013979	
2158.691504	-0.003391	
2158.693505	0.005569	
2158.697504	0.003722	
2158.699504	0.013489	
2158.701504	0.008359	
2158.703504	0.007224	
2158.705507	0.008217	
2158.709504	-0.005214	
2158.711505	-0.000815	
2158.715506	0.007200	
2158.717504	0.004294	
2158.719505	0.001446	
2158.721504	0.003888	
2158.723504	-0.004504	
2158.727503	-0.005033	
2158.729504	-0.007403	
2158.731504	-0.003431	
2158.735504	-0.000957	
2158.737504	0.000440	
2158.739505	-0.003627	
2158.741504	-0.011241	
2158.743504	0.000581	
2158.745504	-0.002148	
2158.749504	-0.004223	
2158.753505	-0.009592	
2158.755504	0.001199	
2158.757504	-0.012806	
2158.759504	-0.003583	
2158.761504	-0.002830	
2158.765503	-0.006266	
2158.767503	-0.003812	
2158.769504	-0.009526	
2158.773505	-0.003270	
2158.775506	-0.007746	
2158.777504	-0.001450	
2158.779504	-0.005429	
2158.781504	0.000512	
2158.785504	0.005001	
2158.787503	-0.007029	
2158.791504	-0.008867	
2158.793504	-0.002088	
2158.795504	-0.002084	
2158.797504	-0.002162	
2158.799504	0.003331	
2158.803504	-0.000768	
2158.805504	-0.003306	
2158.807504	-0.019624	
2158.811504	-0.010345	
2158.813504	-0.005427	
2158.815504	0.006993	
2158.817505	0.000784	
2158.819504	-0.004919	
2158.821504	0.003301	
2158.825504	-0.010421	
2158.829504	-0.006092	
2158.831504	0.000244	
2158.833504	0.003659	
2158.835504	-0.001227	
2158.837504	-0.000680	
2158.841503	-0.005219	
2158.843504	-0.005062	
2158.845504	-0.008136	
2158.849504	-0.003633	
2158.851504	-0.000875	
2158.853509	-0.000745	
2158.855505	0.001383	
2158.857504	-0.012188	
2158.859504	-0.002054	
2158.863504	-0.005309	
2158.867504	0.001343	
2158.869504	-0.001485	
2158.871504	0.004057	
2158.873504	-0.007511	
2158.875504	-0.007430	
2158.879503	0.000876	
2158.881504	-0.004865	
2158.883504	0.000588	
2158.887504	-0.006898	
2158.889504	-0.003472	
2158.891504	-0.011069	
2158.893504	0.000123	
2158.895504	-0.003558	
2158.897504	-0.001669	
2158.901505	-0.001830	
2158.905504	-0.009016	
2158.907504	-0.014910	
2158.909504	-0.008978	
2158.911505	-0.006108	
2158.913504	-0.011100	
2158.917503	0.003357	
2158.919504	-0.012614	
2158.921504	-0.010167	
2158.925504	-0.017923	
2158.927504	-0.009412	
2158.929504	-0.012194	
2158.931504	-0.010890	
2158.933504	-0.003834	
2158.937504	-0.013278	
2158.939504	-0.021303	
2158.943504	-0.031877	
2158.945504	-0.020130	
2158.947505	-0.015072	
2158.949504	-0.014578	
2158.951504	-0.021481	
2158.955503	-0.021694	
2158.957504	-0.040886	
2158.959504	-0.033853	
2158.963504	-0.032060	
2158.965506	-0.021587	
2158.967504	-0.028780	
2158.969504	-0.034211	
2158.971504	-0.030887	
2158.973504	-0.039212	
2158.977504	-0.047560	
2158.981504	-0.050884	
2158.983504	-0.039840	
2158.985504	-0.049871	
2158.987504	-0.048293	
2158.989504	-0.054842	
2158.993504	-0.062944	
2158.995504	-0.068796	
2158.997504	-0.068832	
2158.999504	-0.065925	
2159.001504	-0.073626	
2159.003504	-0.074815	
2159.005504	-0.073752	
2159.007503	-0.092928	
2159.009504	-0.087386	
2159.011503	-0.090795	
2159.013504	-0.102590	
2159.015504	-0.096115	
2159.019506	-0.104996	
2159.021504	-0.115038	
2159.023504	-0.121909	
2159.025503	-0.128516	
2159.027503	-0.127783	
2159.029503	-0.138236	
2159.033503	-0.136007	
2159.035504	-0.158476	
2159.037504	-0.163778	
2159.041505	-0.172477	
2159.043504	-0.178625	
2159.045504	-0.188244	
2159.047504	-0.196715	
2159.049506	-0.196609	
2159.051504	-0.211718	
2159.055504	-0.224693	
2159.059504	-0.257651	
2159.061504	-0.261451	
2159.063504	-0.275244	
2159.065503	-0.273033	
2159.067504	-0.289050	
2159.071504	-0.307053	
2159.073504	-0.338829	
2159.075504	-0.353276	
2159.077504	-0.358766	
2159.079506	-0.372589	
2159.081504	-0.375970	
2159.083504	-0.387974	
2159.085504	-0.407907	
2159.087504	-0.418209	
2159.089506	-0.439613	
2159.091504	-0.465024	
2159.093504	-0.473261	
2159.097504	-0.492192	
2159.099505	-0.521496	
2159.101504	-0.543507	
2159.103504	-0.560028	
2159.105504	-0.578210	
2159.107504	-0.616309	
2159.111504	-0.626509	
2159.113504	-0.680167	
2159.115504	-0.689751	
2159.119504	-0.721873	
2159.121505	-0.766311	
2159.123511	-0.800060	
2159.125504	-0.829336	
2159.127503	-0.851058	
2159.131503	-0.881205	
2159.135503	-0.936425	
2159.137504	-1.001985	
2159.139504	-1.033543	
2159.141504	-1.071258	
2159.143504	-1.093119	
2159.145504	-1.130797	
2159.147504	-1.159890	
2159.149504	-1.190970	
2159.151504	-1.237565	
2159.153504	-1.269287	
2159.157503	-1.301684	
2159.159504	-1.384006	
2159.161504	-1.415997	
2159.163504	-1.457407	
2159.165504	-1.483166	
2159.167504	-1.530143	
2159.169504	-1.574117	
2159.171504	-1.606148	
2159.173504	-1.632797	
2159.175503	-1.634712	
2159.179504	-1.634737	
2159.181504	-1.634804	
2159.183503	-1.634833	
2159.185504	-1.634853	
2159.187504	-1.634866	
2159.189504	-1.634910	
2159.191504	-1.634941	
2159.193504	-1.634993	
2159.195503	-1.635055	
2159.199504	-1.635098	
2159.201504	-1.635264	
2159.203506	-1.635252	
2159.205503	-1.635295	
2159.207504	-1.635334	
2159.209504	-1.635392	
2159.211504	-1.635404	
2159.213503	-1.635442	
2159.217504	-1.635442	
2159.221504	-1.635503	
2159.223503	-1.635540	
2159.225503	-1.635538	
2159.227504	-1.635530	
2159.229504	-1.635546	
2159.233503	-1.635542	
2159.235504	-1.635558	
2159.237504	-1.635546	
2159.241504	-1.635505	
2159.243504	-1.635499	
2159.245504	-1.635503	
2159.247504	-1.635463	
2159.249504	-1.635447	
2159.253503	-1.635452	
2159.257503	-1.635360	
2159.259504	-1.635290	
2159.261504	-1.635214	
2159.263505	-1.635206	
2159.265504	-1.635125	
2159.267504	-1.635062	
2159.269505	-1.635021	
2159.271504	-1.634978	
2159.273504	-1.634872	
2159.277504	-1.634844	
2159.279504	-1.634764	
2159.281504	-1.634737	
2159.283503	-1.634709	
2159.285504	-1.629035	
2159.287504	-1.574867	
2159.289505	-1.519719	
2159.291505	-1.464759	
2159.293503	-1.396488	
2159.299504	-1.268383	
2159.301504	-1.141028	
2159.303504	-1.073804	
2159.305504	-1.004258	
2159.307504	-0.951925	
2159.311504	-0.875569	
2159.313504	-0.739952	
2159.315504	-0.656433	
2159.319504	-0.590045	
2159.321504	-0.439568	
2159.323503	-0.374216	
2159.325504	-0.304230	
2159.327504	-0.220019	
2159.329504	-0.143638	
2159.333504	-0.067182	
2159.337504	0.083704	
2159.339504	0.241600	
2159.341504	0.313098	
2159.343504	0.396378	
2159.345504	0.466219	
2159.349503	0.544271	
2159.351504	0.686029	
2159.353504	0.756577	
2159.357504	0.829903	
2159.359505	0.972271	
2159.361504	1.041410	
2159.363503	1.107398	
2159.365504	1.184548	
2159.367504	1.242840	
2159.371504	1.294293	
2159.375505	1.410196	
2159.377504	1.542467	
2159.379504	1.599731	
2159.381505	1.620481	
2159.383505	1.621600	
2159.387503	1.621736	
2159.389504	1.621745	
2159.391504	1.621730	
2159.393504	1.621726	
2159.395506	1.621729	
2159.397504	1.621786	
2159.399504	1.621784	
2159.401504	1.621812	
2159.403504	1.621794	
2159.405504	1.621806	
2159.407504	1.621788	
2159.409504	1.621791	
2159.411503	1.621774	
2159.415504	1.621757	
2159.417504	1.621760	
2159.419504	1.621799	
2159.421504	1.621768	
2159.423504	1.621783	
2159.427503	1.621755	
2159.429504	1.621826	
2159.431504	1.621787	
2159.435504	1.621742	
2159.437506	1.621748	
2159.439504	1.621759	
2159.441504	1.621721	
2159.443504	1.621764	
2159.445504	1.621762	
2159.449504	1.621761	
2159.453505	1.621754	
2159.455504	1.621772	
2159.457503	1.621791	
2159.459505	1.621765	
2159.461504	1.621778	
2159.465503	1.621733	
2159.467504	1.621767	
2159.469504	1.621739	
2159.471504	1.621757	
2159.473504	1.621691	
2159.475504	1.621759	
2159.477504	1.621732	
2159.479504	1.621713	
2159.481504	1.621669	
2159.483504	1.621691	
2159.485504	1.621570	
2159.487504	1.621180	
2159.489503	1.619008	
2159.493504	1.603901	
2159.495504	1.545426	
2159.497506	1.507665	
2159.499504	1.477766	
2159.501504	1.431281	
2159.505503	1.398827	
2159.507504	1.312237	
2159.509504	1.284863	
2159.513504	1.256617	
2159.515505	1.203629	
2159.517504	1.166205	
2159.519503	1.125919	
2159.521504	1.097977	
2159.523511	1.059178	
2159.525504	1.023487	
2159.529504	0.994225	
2159.531504	0.936603	
2159.533504	0.914317	
2159.535504	0.881428	
2159.537504	0.852130	
2159.539504	0.821838	
2159.541504	0.788220	
2159.543504	0.771962	
2159.545505	0.742021	
2159.547503	0.718314	
2159.551504	0.697349	
2159.553504	0.645488	
2159.555504	0.629639	
2159.557504	0.595250	
2159.559503	0.582002	
2159.561504	0.562222	
2159.565503	0.541410	
2159.567504	0.504952	
2159.569504	0.480966	
2159.573504	0.467032	
2159.575504	0.434846	
2159.577504	0.425121	
2159.579504	0.406399	
2159.581504	0.398713	
2159.583504	0.388415	
2159.587504	0.365112	
2159.591504	0.334264	
2159.593504	0.320162	
2159.595504	0.305580	
2159.597504	0.297902	
2159.599503	0.290846	
2159.603503	0.277259	
2159.605504	0.251712	
2159.607504	0.229740	
2159.609505	0.227230	
2159.611505	0.225168	
2159.613504	0.215638	
2159.615504	0.219469	
2159.617504	0.205142	
2159.619504	0.193580	
2159.621504	0.189126	
2159.623504	0.170462	
2159.625503	0.160512	
2159.629504	0.159777	
2159.631504	0.150218	
2159.633504	0.152741	
2159.635506	0.139264	
2159.637503	0.136105	
2159.639505	0.126222	
2159.643503	0.116944	
2159.645504	0.107672	
2159.647504	0.106707	
2159.651505	0.107409	
2159.653504	0.098542	
2159.655504	0.094462	
2159.657504	0.075814	
2159.659504	0.081000	
2159.661511	0.081816	
2159.665504	0.070340	
2159.669504	0.069244	
2159.671504	0.065356	
2159.673504	0.056464	
2159.675504	0.052465	
2159.677504	0.055880	
2159.681503	0.050693	
2159.683503	0.047852	
2159.685504	0.039971	
2159.687504	0.037177	
2159.689507	0.035015	
2159.691504	0.029643	
2159.693503	0.037131	
2159.695503	0.034526	
2159.697504	0.034799	
2159.699503	0.040305	
2159.701505	0.026551	
2159.703504	0.024802	
2159.707504	0.022982	
2159.709505	0.017170	
2159.711504	0.022086	
2159.713504	0.018513	
2159.715504	0.030606	
2159.717504	0.023558	
2159.721504	0.017513	
2159.723504	0.006871	
2159.725504	0.005363	
2159.729506	0.007911	
2159.731504	0.015217	
2159.733503	0.017426	
2159.735505	0.009638	
2159.737504	0.010277	
2159.741503	0.007631	
2159.745503	0.003154	
2159.747504	0.003670	
2159.749504	0.012546	
2159.751504	0.004265	
2159.753504	0.004960	
2159.755504	0.006594	
2159.759503	-0.006437	
2159.761504	-0.000824	
2159.763505	-0.006213	
2159.767504	0.006439	
2159.769503	0.001297	
2159.771504	0.003078	
2159.773504	-0.002567	
2159.775503	-0.005721	
2159.779503	0.001183	
2159.781504	-0.001828	
2159.785504	-0.001120	
2159.787504	-0.002061	
2159.789504	-0.003152	
2159.791504	-0.010587	
2159.793504	-0.001594	
2159.797503	-0.001681	
2159.799504	-0.001436	
2159.801504	-0.007717	
2159.805504	-0.007529	
2159.807504	-0.013426	
2159.809504	-0.007090	
2159.811504	-0.002365	
2159.813504	-0.005505	
2159.815504	0.006862	
2159.819504	-0.003528	
2159.823504	-0.008076	
2159.825505	-0.006593	
2159.827504	-0.004450	
2159.829504	-0.005500	
2159.831504	-0.001654	
2159.835504	0.003927	
2159.837504	-0.007879	
2159.839504	-0.010856	
2159.841504	-0.016408	
2159.843507	-0.005607	
2159.845504	-0.003633	
2159.847504	0.000476	
2159.849504	0.000319	
2159.851504	-0.002401	
2159.853504	-0.002052	
2159.855504	-0.005755	
2159.857504	-0.019964	
2159.861504	-0.011884	
2159.863504	-0.010423	
2159.865503	0.003709	
2159.867504	-0.000192	
2159.869504	-0.005553	
2159.871503	-0.002033	
2159.873506	-0.007815	
2159.875506	-0.011177	
2159.877503	-0.010069	
2159.879504	-0.011310	
2159.881503	-0.006243	
2159.885504	-0.003609	
2159.887504	-0.003446	
2159.889504	-0.008545	
2159.891504	-0.012054	
2159.893503	-0.005801	
2159.897503	-0.005452	
2159.899504	-0.004734	
2159.901504	-0.012336	
2159.905504	-0.011395	
2159.907505	-0.014442	
2159.909504	-0.010315	
2159.911503	-0.009380	
2159.913504	-0.009417	
2159.915504	0.003346	
2159.919504	-0.009146	
2159.923504	-0.010892	
2159.925504	-0.014321	
2159.927504	-0.007357	
2159.929504	-0.010971	
2159.931504	-0.006872	
2159.935503	-0.002286	
2159.937504	-0.012469	
2159.939504	-0.019187	
2159.943504	-0.024669	
2159.945504	-0.011925	
2159.947504	-0.010216	
2159.949504	-0.006484	
2159.951504	-0.014147	
2159.953504	-0.013062	
2159.957504	-0.017535	
2159.961504	-0.024141	
2159.963503	-0.022227	
2159.965504	-0.008414	
2159.967505	-0.017104	
2159.969504	-0.020394	
2159.973504	-0.018103	
2159.975504	-0.033621	
2159.977504	-0.030181	
2159.979504	-0.034370	
2159.981504	-0.025919	
2159.983504	-0.022755	
2159.985504	-0.028968	
2159.987504	-0.029466	
2159.989504	-0.034916	
2159.991504	-0.041249	
2159.993504	-0.037156	
2159.995503	-0.044357	
2159.999504	-0.041936	
2160.001504	-0.047062	
2160.003504	-0.043841	
2160.005504	-0.044312	
2160.007504	-0.058490	
2160.009504	-0.053571	
2160.011504	-0.054130	
2160.013504	-0.059330	
2160.015504	-0.055298	
2160.017504	-0.062774	
2160.019503	-0.069219	
2160.023504	-0.068867	
2160.025504	-0.075711	
2160.027504	-0.075873	
2160.029504	-0.078696	
2160.031504	-0.077685	
2160.035504	-0.079144	
2160.037503	-0.094835	
2160.039504	-0.103181	
2160.041504	-0.112087	
2160.043505	-0.104299	
2160.045504	-0.106664	
2160.047503	-0.106682	
2160.049504	-0.107756	
2160.051504	-0.119439	
2160.053504	-0.121627	
2160.055504	-0.132008	
2160.057504	-0.149636	
2160.061504	-0.148258	
2160.063504	-0.158447	
2160.065504	-0.148831	
2160.067504	-0.160770	
2160.069505	-0.170176	
2160.071504	-0.174904	
2160.075503	-0.190559	
2160.077504	-0.206083	
2160.079504	-0.215060	
2160.083504	-0.218567	
2160.085503	-0.233102	
2160.087504	-0.242255	
2160.089504	-0.255175	
2160.091504	-0.269342	
2160.093504	-0.270727	
2160.097506	-0.287765	
2160.101504	-0.303550	
2160.103504	-0.328370	
2160.105504	-0.340366	
2160.107504	-0.365585	
2160.109504	-0.372044	
2160.113504	-0.381488	
2160.115504	-0.408463	
2160.117504	-0.429561	
2160.119503	-0.448458	
2160.121505	-0.460928	
2160.123504	-0.480010	
2160.125504	-0.499403	
2160.127505	-0.514732	
2160.129504	-0.534748	
2160.131504	-0.549875	
2160.133504	-0.570418	
2160.135503	-0.601072	
2160.139503	-0.620582	
2160.141505	-0.675872	
2160.143504	-0.685810	
2160.145504	-0.709943	
2160.147504	-0.734012	
2160.149503	-0.755979	
2160.151504	-0.785940	
2160.153504	-0.816086	
2160.155505	-0.847653	
2160.157504	-0.886665	
2160.161504	-0.912783	
2160.163504	-0.970313	
2160.165504	-0.986690	
2160.167504	-1.023378	
2160.169504	-1.061015	
2160.171503	-1.093350	
2160.173504	-1.136720	
2160.175504	-1.172999	
2160.177504	-1.207718	
2160.179505	-1.245294	
2160.183504	-1.278447	
2160.185506	-1.358449	
2160.187504	-1.396735	
2160.189504	-1.439517	
2160.191505	-1.490659	
2160.193504	-1.526399	
2160.195504	-1.569188	
2160.197504	-1.611095	
2160.199504	-1.634679	
2160.201504	-1.634689	
2160.205503	-1.634749	
2160.207504	-1.634818	
2160.209503	-1.634847	
2160.211505	-1.634870	
2160.213504	-1.634912	
2160.215504	-1.634944	
2160.217504	-1.635029	
2160.219506	-1.635082	
2160.221504	-1.635189	
2160.225504	-1.635290	
2160.227504	-1.635397	
2160.229505	-1.635475	
2160.231504	-1.635516	
2160.233504	-1.635562	
2160.235504	-1.635592	
2160.237504	-1.635660	
2160.239504	-1.635716	
2160.241503	-1.635753	
2160.247504	-1.635821	
2160.249504	-1.635889	
2160.251507	-1.635944	
2160.253504	-1.635939	
2160.255505	-1.635958	
2160.259503	-1.636021	
2160.261504	-1.636052	
2160.263504	-1.636093	
2160.267504	-1.636068	
2160.269504	-1.636050	
2160.271504	-1.636059	
2160.275503	-1.636056	
2160.277505	-1.636072	
2160.279504	-1.636053	
2160.283503	-1.636066	
2160.285504	-1.636058	
2160.287504	-1.636028	
2160.289504	-1.635918	
2160.291504	-1.635851	
2160.293504	-1.635870	
2160.295504	-1.635832	
2160.297504	-1.635763	
2160.299504	-1.635700	
2160.303504	-1.635674	
2160.305504	-1.635611	
2160.307504	-1.635564	
2160.309504	-1.635506	
2160.311504	-1.635407	
2160.313504	-1.635342	
2160.315504	-1.635243	
2160.317503	-1.635163	
2160.321504	-1.635082	
2160.325504	-1.634957	
2160.327504	-1.634829	
2160.329506	-1.634744	
2160.331504	-1.634698	
2160.333506	-1.634663	
2160.337504	-1.585225	
2160.339505	-1.445075	
2160.341504	-1.379288	
2160.345504	-1.294143	
2160.347504	-1.139251	
2160.349504	-1.054465	
2160.351504	-0.986047	
2160.353504	-0.905402	
2160.357503	-0.823661	
2160.361504	-0.674424	
2160.363504	-0.513712	
2160.365504	-0.415802	
2160.367504	-0.344161	
2160.369504	-0.266375	
2160.371504	-0.180707	
2160.375503	-0.107088	
2160.377505	0.057889	
2160.379504	0.137118	
2160.383504	0.225286	
2160.385504	0.388603	
2160.387504	0.468703	
2160.389504	0.543710	
2160.391503	0.620615	
2160.395503	0.711271	
2160.397504	0.862284	
2160.401504	0.950554	
2160.403504	1.105409	
2160.405504	1.181663	
2160.407504	1.243904	
2160.409504	1.319468	
2160.413503	1.394614	
2160.415504	1.544581	
2160.417503	1.606798	
2160.421504	1.620909	
2160.423504	1.621723	
2160.425504	1.621743	
2160.427504	1.621761	
2160.429504	1.621737	
2160.431504	1.621782	
2160.435505	1.621812	
2160.439505	1.621760	
2160.441504	1.621751	
2160.443504	1.621716	
2160.445506	1.621766	
2160.447504	1.621763	
2160.451503	1.621787	
2160.453504	1.621765	
2160.455504	1.621749	
2160.457504	1.621764	
2160.459506	1.621745	
2160.461504	1.621757	
2160.463504	1.621747	
2160.465504	1.621797	
2160.467504	1.621774	
2160.469505	1.621775	
2160.471510	1.621800	
2160.473503	1.621791	
2160.475503	1.621774	
2160.479504	1.621766	
2160.481504	1.621732	
2160.483504	1.621765	
2160.485504	1.621729	
2160.487504	1.621755	
2160.491503	1.621774	
2160.493504	1.621770	
2160.495504	1.621775	
2160.499504	1.621784	
2160.501504	1.621806	
2160.503503	1.621770	
2160.505505	1.621793	
2160.507504	1.621772	
2160.509503	1.621799	
2160.513506	1.621802	
2160.517504	1.621792	
2160.519504	1.621763	
2160.521505	1.621782	
2160.523504	1.621747	
2160.525504	1.621782	
2160.529505	1.621777	
2160.531506	1.621778	
2160.533503	1.621762	
2160.535505	1.621784	
2160.537506	1.621739	
2160.539504	1.621780	
2160.541504	1.621737	
2160.543503	1.621729	
2160.545504	1.621729	
2160.547504	1.621709	
2160.549505	1.621671	
2160.551503	1.621186	
2160.555504	1.619265	
2160.557504	1.538250	
2160.559505	1.505317	
2160.561504	1.462379	
2160.563503	1.417554	
2160.565504	1.390840	
2160.569503	1.341702	
2160.571505	1.262633	
2160.573503	1.214677	
2160.577505	1.179588	
2160.579505	1.111770	
2160.581503	1.082304	
2160.583504	1.050534	
2160.585504	1.010152	
2160.587505	0.980520	
2160.591504	0.938437	
2160.595504	0.876716	
2160.597505	0.821967	
2160.599504	0.801650	
2160.601504	0.762211	
2160.603504	0.738895	
2160.607504	0.715817	
2160.609504	0.654276	
2160.611503	0.633156	
2160.613504	0.604746	
2160.615504	0.597989	
2160.617504	0.573285	
2160.619505	0.549729	
2160.621504	0.531459	
2160.623504	0.502697	
2160.625504	0.487168	
2160.627504	0.466495	
2160.629507	0.445747	
2160.631504	0.434985	
2160.635504	0.421342	
2160.637504	0.391627	
2160.639504	0.373999	
2160.641504	0.351340	
2160.643503	0.348430	
2160.647503	0.333365	
2160.649504	0.312635	
2160.651504	0.289054	
2160.653504	0.280210	
2160.657504	0.250518	
2160.659506	0.251217	
2160.661504	0.242988	
2160.663504	0.229397	
2160.665504	0.235836	
2160.669504	0.215348	
2160.673504	0.197165	
2160.675503	0.177555	
2160.677504	0.175382	
2160.679504	0.165663	
2160.681504	0.162888	
2160.685503	0.162399	
2160.687504	0.138543	
2160.689504	0.127354	
2160.691506	0.114137	
2160.693504	0.122631	
2160.695504	0.116207	
2160.697504	0.115551	
2160.699504	0.113649	
2160.701504	0.101990	
2160.703504	0.101777	
2160.705504	0.091786	
2160.707504	0.073789	
2160.709504	0.077304	
2160.713504	0.075620	
2160.715504	0.083376	
2160.717504	0.074016	
2160.719504	0.066193	
2160.721504	0.068427	
2160.725503	0.055152	
2160.727504	0.051137	
2160.729504	0.043155	
2160.733504	0.045955	
2160.735505	0.042342	
2160.737504	0.046024	
2160.739503	0.036713	
2160.741504	0.028904	
2160.743504	0.037520	
2160.747504	0.028799	
2160.751504	0.030790	
2160.753504	0.025691	
2160.755506	0.026811	
2160.757504	0.011719	
2160.759504	0.019560	
2160.763504	0.020521	
2160.765504	0.022165	
2160.767504	0.014372	
2160.769506	0.009943	
2160.771504	0.016458	
2160.773504	0.006942	
2160.775503	0.008094	
2160.777506	0.013039	
2160.779505	0.009069	
2160.781504	0.014631	
2160.783504	0.011145	
2160.785503	0.002770	
2160.789504	0.004065	
2160.791504	-0.004438	
2160.793504	0.008072	
2160.795504	0.003634	
2160.797505	0.006681	
2160.799504	0.011016	
2160.801504	0.002268	
2160.803504	0.004255	
2160.805504	-0.000462	
2160.807504	-0.012591	
2160.809504	-0.002046	
2160.813504	-0.005878	
2160.815504	0.011079	
2160.817504	0.003846	
2160.819504	0.000071	
2160.821504	0.003548	
2160.825504	-0.005488	
2160.827504	-0.006995	
2160.829503	-0.008425	
2160.833504	-0.002373	
2160.835504	-0.000832	
2160.837504	0.000199	
2160.839504	-0.001913	
2160.841505	-0.008277	
2160.845503	0.001133	
2160.847505	-0.004690	
2160.851506	-0.001722	
2160.853504	-0.002316	
2160.855504	0.000793	
2160.857504	-0.012019	
2160.859504	-0.005648	
2160.863504	-0.004438	
2160.865503	0.000353	
2160.867504	-0.006889	
2160.871504	-0.008053	
2160.873504	-0.009440	
2160.875504	-0.007536	
2160.877504	-0.002459	
2160.879504	-0.007697	
2160.883504	0.001017	
2160.885504	-0.009463	
2160.889504	-0.004434	
2160.891504	-0.011280	
2160.893504	0.000219	
2160.895504	-0.003206	
2160.897503	0.000367	
2160.901503	0.005504	
2160.903504	-0.006328	
2160.905504	-0.004518	
2160.909504	-0.016809	
2160.911505	-0.000442	
2160.913504	-0.004377	
2160.915505	0.009299	
2160.917504	0.001337	
2160.919503	-0.001582	
2160.923504	-0.001669	
2160.927505	-0.011395	
2160.929504	-0.003526	
2160.931504	0.002328	
2160.933504	0.004352	
2160.935504	-0.002803	
2160.939503	0.001130	
2160.941504	-0.013137	
2160.943503	-0.005367	
2160.947503	-0.007567	
2160.949504	0.005149	
2160.951505	-0.001366	
2160.953504	0.002966	
2160.955504	0.000515	
2160.957504	-0.011526	
2160.961504	-0.007024	
2160.965504	-0.009885	
2160.967506	-0.000051	
2160.969504	-0.001118	
2160.971504	-0.000250	
2160.973504	-0.009355	
2160.977504	-0.006963	
2160.979504	-0.012150	
2160.981504	-0.006876	
2160.983504	-0.004857	
2160.985504	-0.009359	
2160.987504	-0.001647	
2160.989504	-0.007533	
2160.991504	-0.013821	
2160.993504	-0.004567	
2160.995504	-0.006990	
2160.997504	-0.008356	
2160.999504	-0.005111	
2161.003504	-0.015375	
2161.005504	-0.010567	
2161.007506	-0.019411	
2161.009504	-0.010650	
2161.011504	-0.009983	
2161.013505	-0.015996	
2161.015505	-0.001138	
2161.017507	-0.011290	
2161.019504	-0.018550	
2161.021506	-0.015026	
2161.023504	-0.026084	
2161.027504	-0.025779	
2161.029504	-0.021818	
2161.031504	-0.014441	
2161.033504	-0.013785	
2161.035504	-0.022315	
2161.039503	-0.017977	
2161.041503	-0.038023	
2161.043504	-0.028683	
2161.045504	-0.033435	
2161.047505	-0.029789	
2161.049504	-0.022318	
2161.051504	-0.032030	
2161.053505	-0.031684	
2161.055505	-0.031607	
2161.057504	-0.044585	
2161.059504	-0.043404	
2161.061503	-0.045722	
2161.065504	-0.050650	
2161.067504	-0.049701	
2161.069504	-0.050078	
2161.071504	-0.046236	
2161.073504	-0.059821	
2161.075504	-0.060073	
2161.079503	-0.059165	
2161.081504	-0.069468	
2161.083504	-0.069035	
2161.087504	-0.078325	
2161.089503	-0.081975	
2161.091504	-0.090460	
2161.093504	-0.086199	
2161.095504	-0.095263	
2161.099503	-0.094065	
2161.101504	-0.110724	
2161.105504	-0.112037	
2161.107504	-0.128932	
2161.109504	-0.126973	
2161.111504	-0.129508	
2161.113504	-0.140250	
2161.117503	-0.131567	
2161.119504	-0.159014	
2161.121504	-0.160428	
2161.125505	-0.176529	
2161.127506	-0.179067	
2161.129504	-0.189480	
2161.131504	-0.191811	
2161.133504	-0.197459	
2161.135504	-0.210753	
2161.139504	-0.222706	
2161.143504	-0.251844	
2161.145504	-0.258276	
2161.147504	-0.266248	
2161.149504	-0.271473	
2161.151504	-0.290370	
2161.155503	-0.300115	
2161.157503	-0.339517	
2161.159504	-0.346240	
2161.161503	-0.355550	
2161.163506	-0.371133	
2161.165504	-0.366912	
2161.167503	-0.387706	
2161.169504	-0.404573	
2161.171504	-0.415012	
2161.173503	-0.437868	
2161.175504	-0.459320	
2161.177503	-0.471380	
2161.181504	-0.492249	
2161.183504	-0.518114	
2161.185504	-0.542409	
2161.187504	-0.558687	
2161.189504	-0.583208	
2161.191504	-0.612192	
2161.195503	-0.622664	
2161.197504	-0.675753	
2161.199504	-0.694101	
2161.203504	-0.725946	
2161.205504	-0.766850	
2161.207504	-0.809265	
2161.209504	-0.827026	
2161.211504	-0.853482	
2161.215503	-0.884269	
2161.219503	-0.941175	
2161.221504	-0.999378	
2161.223504	-1.036522	
2161.225504	-1.066094	
2161.227504	-1.094447	
2161.229505	-1.130351	
2161.231504	-1.158652	
2161.233504	-1.188910	
2161.235506	-1.233275	
2161.237504	-1.263277	
2161.241504	-1.302079	
2161.243504	-1.370452	
2161.245504	-1.406171	
2161.247504	-1.439774	
2161.249504	-1.473556	
2161.251504	-1.520335	
2161.253503	-1.557727	
2161.255504	-1.591716	
2161.257504	-1.633989	
2161.261504	-1.634691	
2161.263504	-1.634766	
2161.265506	-1.634779	
2161.267505	-1.634812	
2161.269504	-1.634837	
2161.271506	-1.634836	
2161.273504	-1.634881	
2161.275504	-1.634920	
2161.277504	-1.634988	
2161.281504	-1.635002	
2161.283503	-1.635088	
2161.285504	-1.635135	
2161.287506	-1.635159	
2161.289505	-1.635214	
2161.291504	-1.635277	
2161.293504	-1.635291	
2161.295505	-1.635349	
2161.297504	-1.635391	
2161.301503	-1.635429	
2161.303506	-1.635495	
2161.305504	-1.635507	
2161.307504	-1.635552	
2161.309504	-1.635570	
2161.311504	-1.635550	
2161.313503	-1.635559	
2161.315504	-1.635538	
2161.319504	-1.635562	
2161.323506	-1.635562	
2161.325504	-1.635559	
2161.327503	-1.635540	
2161.329504	-1.635550	
2161.331504	-1.635489	
2161.335503	-1.635463	
2161.337506	-1.635430	
2161.339504	-1.635429	
2161.343504	-1.635396	
2161.345504	-1.635268	
2161.347504	-1.635182	
2161.349504	-1.635127	
2161.351504	-1.635056	
2161.355504	-1.635044	
2161.357504	-1.634938	
2161.359504	-1.634879	
2161.361504	-1.634835	
2161.363504	-1.634829	
2161.365504	-1.634762	
2161.367504	-1.634721	
2161.369504	-1.632549	
2161.371504	-1.579023	
2161.373505	-1.528247	
2161.375504	-1.469685	
2161.379504	-1.402650	
2161.381504	-1.270237	
2161.383504	-1.199660	
2161.385504	-1.140563	
2161.387504	-1.067880	
2161.389504	-1.006591	
2161.391504	-0.944074	
2161.393504	-0.862989	
2161.395506	-0.802119	
2161.399504	-0.728367	
2161.401504	-0.585872	
2161.403504	-0.507118	
2161.405504	-0.432763	
2161.407504	-0.370323	
2161.409504	-0.287351	
2161.411504	-0.208665	
2161.413505	-0.135621	
2161.415503	-0.050327	
2161.417504	0.016755	
2161.419503	0.089252	
2161.423504	0.172278	
2161.425504	0.319596	
2161.427504	0.399975	
2161.429504	0.465236	
2161.431504	0.543692	
2161.435504	0.622083	
2161.437504	0.749446	
2161.439503	0.816528	
2161.443504	0.877676	
2161.445504	1.025924	
2161.447504	1.097827	
2161.449504	1.164266	
2161.451504	1.214851	
2161.453504	1.274549	
2161.457505	1.329306	
2161.461504	1.441465	
2161.463505	1.563054	
2161.465505	1.617724	
2161.467504	1.621176	
2161.469504	1.621595	
2161.473503	1.621709	
2161.475504	1.621721	
2161.477504	1.621778	
2161.479505	1.621773	
2161.481504	1.621740	
2161.483504	1.621765	
2161.485504	1.621778	
2161.487504	1.621767	
2161.489504	1.621762	
2161.491504	1.621778	
2161.493504	1.621813	
2161.495503	1.621770	
2161.499505	1.621752	
2161.501504	1.621733	
2161.503504	1.621816	
2161.505505	1.621755	
2161.507504	1.621757	
2161.509504	1.621768	
2161.513503	1.621754	
2161.515503	1.621750	
2161.517504	1.621768	
2161.521504	1.621743	
2161.523504	1.621706	
2161.525504	1.621740	
2161.527504	1.621773	
2161.529503	1.621752	
2161.531503	1.621766	
2161.535504	1.621814	
2161.539504	1.621790	
2161.541503	1.621765	
2161.543504	1.621756	
2161.545504	1.621711	
2161.547503	1.621721	
2161.551503	1.621789	
2161.553504	1.621781	
2161.555504	1.621745	
2161.557504	1.621708	
2161.559509	1.621751	
2161.561504	1.621745	
2161.563504	1.621743	
2161.565503	1.621724	
2161.567505	1.621725	
2161.569504	1.621682	
2161.571504	1.621414	
2161.573504	1.620154	
2161.575503	1.615189	
2161.579506	1.584478	
2161.581504	1.512406	
2161.583504	1.476786	
2161.585504	1.432303	
2161.587504	1.395863	
2161.591503	1.358749	
2161.593504	1.287357	
2161.595504	1.250318	
2161.599504	1.219771	
2161.601504	1.155347	
2161.603504	1.124951	
2161.605503	1.092571	
2161.607504	1.048302	
2161.609504	1.024329	
2161.613504	0.992695	
2161.617504	0.943094	
2161.619504	0.878742	
2161.621507	0.852936	
2161.623504	0.818796	
2161.625504	0.792755	
2161.629503	0.774010	
2161.631504	0.722014	
2161.633504	0.700125	
2161.635504	0.671239	
2161.637505	0.652392	
2161.639505	0.629841	
2161.641504	0.604553	
2161.643504	0.591794	
2161.645504	0.569464	
2161.647504	0.555519	
2161.649505	0.535120	
2161.651505	0.510593	
2161.653503	0.491683	
2161.657504	0.475218	
2161.659504	0.444683	
2161.661504	0.432579	
2161.663504	0.416208	
2161.665504	0.413401	
2161.669503	0.391720	
2161.671504	0.360247	
2161.673504	0.338719	
2161.677504	0.328624	
2161.679505	0.311922	
2161.681504	0.304306	
2161.683504	0.296546	
2161.685504	0.279953	
2161.687504	0.270467	
2161.691504	0.252015	
2161.695504	0.233428	
2161.697504	0.222774	
2161.699503	0.220319	
2161.701505	0.202267	
2161.703504	0.196063	
2161.707503	0.189055	
2161.709504	0.164282	
2161.711504	0.158666	
2161.713506	0.148827	
2161.715505	0.159028	
2161.717504	0.148051	
2161.719504	0.139803	
2161.721504	0.137409	
2161.723504	0.122513	
2161.725504	0.119035	
2161.727504	0.113835	
2161.729504	0.105155	
2161.731503	0.107648	
2161.735504	0.104153	
2161.737504	0.096216	
2161.739504	0.090082	
2161.741504	0.077904	
2161.743504	0.082950	
2161.747503	0.079830	
2161.749504	0.073201	
2161.751504	0.064521	
2161.755504	0.062140	
2161.757506	0.051700	
2161.759503	0.054763	
2161.761504	0.053112	
2161.763504	0.049489	
2161.767504	0.061010	
2161.769504	0.039070	
2161.773505	0.040100	
2161.775504	0.034910	
2161.777504	0.037691	
2161.779504	0.034566	
2161.781504	0.036530	
2161.785504	0.037612	
2161.787504	0.026398	
2161.789504	0.020668	
2161.793504	0.011904	
2161.795505	0.021863	
2161.797504	0.024809	
2161.799504	0.029366	
2161.801504	0.018964	
2161.803506	0.019922	
2161.807504	0.013014	
2161.811505	0.008013	
2161.813504	0.010050	
2161.815504	0.022758	
2161.817504	0.013857	
2161.819504	0.009055	
2161.823504	0.012839	
2161.825504	-0.002121	
2161.827504	0.001701	
2161.831505	0.000247	
2161.833504	0.012242	
2161.835504	0.002809	
2161.837504	0.006328	
2161.839503	0.002152	
2161.841504	-0.003464	
2161.845504	-0.000601	
2161.849504	0.000666	
2161.851504	0.000892	
2161.853507	0.003621	
2161.855503	0.000168	
2161.857504	-0.008043	
2161.861504	-0.001704	
2161.863504	-0.007298	
2161.865504	0.002429	
2161.867504	-0.003211	
2161.869505	-0.004196	
2161.871504	0.001291	
2161.873504	-0.008006	
2161.875504	-0.007021	
2161.877505	-0.002026	
2161.879505	-0.004102	
2161.881504	-0.004666	
2161.883504	-0.001164	
2161.887504	-0.009728	
2161.889504	-0.010810	
2161.891504	-0.011610	
2161.893504	-0.001768	
2161.895504	-0.004782	
2161.897504	-0.000948	
2161.899504	0.006030	
2161.901504	-0.005162	
2161.903504	-0.007264	
2161.905504	-0.007254	
2161.907504	-0.017572	
2161.911504	-0.010776	
2161.913504	-0.008240	
2161.915504	0.008435	
2161.917504	-0.002158	
2161.919504	-0.003738	
2161.923504	0.000103	
2161.925503	-0.012877	
2161.927504	-0.009775	
2161.931504	-0.011473	
2161.933504	0.002711	
2161.935504	-0.005163	
2161.937504	-0.001642	
2161.939504	-0.008076	
2161.943504	-0.010416	
2161.945504	-0.010462	
2161.949504	-0.006536	
2161.951504	-0.005098	
2161.953504	-0.002069	
2161.955504	-0.004875	
2161.957504	-0.014213	
2161.961503	-0.005861	
2161.963504	-0.011629	
2161.965504	0.000980	
2161.969509	-0.005834	
2161.971504	-0.001670	
2161.973504	-0.009160	
2161.975504	-0.011123	
2161.977504	-0.004786	
2161.979503	-0.005725	
2161.983504	-0.004895	
2161.987504	-0.009832	
2161.989504	-0.008012	
2161.991504	-0.014919	
2161.993504	-0.005001	
2161.995504	-0.008299	
2161.999503	-0.004606	
2162.001507	-0.012709	
2162.003504	-0.011899	
2162.005504	-0.012777	
2162.007506	-0.018718	
2162.009504	-0.009029	
2162.011504	-0.008772	
2162.013504	-0.010424	
2162.015504	0.001224	
2162.017503	-0.005583	
2162.019504	-0.012951	
2162.021504	-0.011505	
2162.025504	-0.021884	
2162.027504	-0.015754	
2162.029504	-0.013484	
2162.031504	-0.007925	
2162.033504	-0.009552	
2162.035504	-0.012737	
2162.037504	-0.013560	
2162.039504	-0.018890	
2162.041504	-0.029416	
2162.043504	-0.023364	
2162.045504	-0.022010	
2162.049504	-0.018977	
2162.051504	-0.021384	
2162.053503	-0.019469	
2162.055504	-0.022118	
2162.057504	-0.030491	
2162.061503	-0.025397	
2162.063505	-0.034148	
2162.065503	-0.021459	
2162.069504	-0.030157	
2162.071504	-0.027386	
2162.073504	-0.036302	
2162.075504	-0.038598	
2162.077504	-0.034594	
2162.079503	-0.037247	
2162.083504	-0.038566	
2162.087504	-0.045543	
2162.089506	-0.046122	
2162.091504	-0.053923	
2162.093506	-0.048748	
2162.095504	-0.051932	
2162.099503	-0.048154	
2162.101504	-0.063800	
2162.103505	-0.065430	
2162.105510	-0.068996	
2162.107507	-0.076428	
2162.109504	-0.070856	
2162.111505	-0.073922	
2162.113504	-0.077007	
2162.115504	-0.065941	
2162.117504	-0.075359	
2162.119504	-0.087978	
2162.121504	-0.089803	
2162.125504	-0.100055	
2162.127504	-0.104216	
2162.129504	-0.102916	
2162.131504	-0.103228	
2162.133503	-0.105231	
2162.135504	-0.115166	
2162.139504	-0.119183	
2162.141504	-0.144506	
2162.143504	-0.142233	
2162.147504	-0.148179	
2162.149506	-0.146248	
2162.151506	-0.161315	
2162.153503	-0.167443	
2162.155504	-0.172848	
2162.157504	-0.191201	
2162.161504	-0.196078	
2162.165504	-0.212670	
2162.167506	-0.217422	
2162.169504	-0.230115	
2162.171504	-0.237293	
2162.173504	-0.253470	
2162.177503	-0.263998	
2162.179504	-0.285259	
2162.181504	-0.293205	
2162.183503	-0.299892	
2162.185504	-0.315697	
2162.187504	-0.322836	
2162.189504	-0.339973	
2162.191504	-0.358441	
2162.193504	-0.362847	
2162.195504	-0.376599	
2162.197504	-0.391883	
2162.199504	-0.402228	
2162.203504	-0.424740	
2162.205504	-0.455380	
2162.207503	-0.477718	
2162.209504	-0.487149	
2162.211506	-0.502531	
2162.213503	-0.524123	
2162.217504	-0.528860	
2162.219504	-0.587042	
2162.221504	-0.604620	
2162.225504	-0.634012	
2162.227504	-0.670040	
2162.229504	-0.693277	
2162.231504	-0.715153	
2162.233504	-0.735785	
2162.237503	-0.767723	
2162.241503	-0.829206	
2162.243507	-0.885181	
2162.245504	-0.912773	
2162.247504	-0.938508	
2162.249503	-0.967317	
2162.251504	-1.005765	
2162.253504	-1.039386	
2162.255504	-1.074330	
2162.257504	-1.121876	
2162.259504	-1.152802	
2162.263504	-1.187434	
2162.265504	-1.250101	
2162.267506	-1.292951	
2162.269504	-1.331187	
2162.271504	-1.372264	
2162.273504	-1.424682	
2162.275503	-1.464489	
2162.277506	-1.507917	
2162.279505	-1.557133	
2162.281504	-1.596166	
2162.285505	-1.627457	
2162.287504	-1.634734	
2162.289504	-1.634787	
2162.291503	-1.634828	
2162.293504	-1.634832	
2162.295504	-1.634894	
2162.297504	-1.634952	
2162.299504	-1.634957	
2162.301504	-1.635042	
2162.305504	-1.635168	
2162.307504	-1.635309	
2162.309504	-1.635368	
2162.311504	-1.635428	
2162.313504	-1.635455	
2162.315504	-1.635498	
2162.317504	-1.635573	
2162.319504	-1.635592	
2162.321504	-1.635625	
2162.325503	-1.635722	
2162.327504	-1.635836	
2162.329504	-1.635846	
2162.331504	-1.635869	
2162.333504	-1.635904	
2162.335505	-1.635978	
2162.337504	-1.635965	
2162.339504	-1.636021	
2162.343504	-1.636099	
2162.347504	-1.636122	
2162.349504	-1.636085	
2162.351504	-1.636108	
2162.353504	-1.636110	
2162.355504	-1.636118	
2162.359503	-1.636138	
2162.361504	-1.636131	
2162.363504	-1.636151	
2162.367504	-1.636158	
2162.369504	-1.636130	
2162.371504	-1.636068	
2162.373504	-1.636016	
2162.375504	-1.636010	
2162.379503	-1.635940	
2162.381504	-1.635898	
2162.383503	-1.635821	
2162.385506	-1.635775	
2162.387504	-1.635746	
2162.389504	-1.635671	
2162.391505	-1.635645	
2162.393504	-1.635591	
2162.395505	-1.635511	
2162.397506	-1.635451	
2162.399504	-1.635420	
2162.401505	-1.635311	
2162.405504	-1.635232	
2162.407504	-1.635009	
2162.409504	-1.634940	
2162.411504	-1.634849	
2162.413505	-1.634793	
2162.415504	-1.634770	
2162.417504	-1.634701	
2162.419504	-1.625499	
2162.421504	-1.557716	
2162.423504	-1.492956	
2162.427504	-1.415783	
2162.429504	-1.261343	
2162.431504	-1.175565	
2162.433504	-1.095339	
2162.435504	-1.023519	
2162.437504	-0.947850	
2162.439504	-0.869337	
2162.441503	-0.799556	
2162.443504	-0.716359	
2162.445503	-0.638183	
2162.449504	-0.554559	
2162.451504	-0.402569	
2162.453503	-0.318123	
2162.455504	-0.238056	
2162.457504	-0.168944	
2162.459504	-0.081666	
2162.461504	0.000693	
2162.463504	0.075365	
2162.465503	0.166066	
2162.467505	0.238272	
2162.469503	0.313926	
2162.473504	0.396724	
2162.475504	0.547322	
2162.477504	0.631811	
2162.479504	0.708480	
2162.481504	0.790274	
2162.485504	0.874362	
2162.487504	1.020625	
2162.489504	1.094533	
2162.493504	1.161598	
2162.495506	1.316493	
2162.497503	1.390615	
2162.499505	1.467372	
2162.501504	1.533644	
2162.503504	1.601555	
2162.507504	1.620870	
2162.511504	1.621763	
2162.513505	1.621763	
2162.515504	1.621770	
2162.517505	1.621769	
2162.519506	1.621744	
2162.523503	1.621773	
2162.525504	1.621750	
2162.527504	1.621773	
2162.529504	1.621739	
2162.531506	1.621729	
2162.533504	1.621774	
2162.535506	1.621763	
2162.537504	1.621740	
2162.539504	1.621740	
2162.541504	1.621743	
2162.543504	1.621754	
2162.545505	1.621738	
2162.547504	1.621779	
2162.551504	1.621730	
2162.553504	1.621732	
2162.555504	1.621788	
2162.557504	1.621736	
2162.559504	1.621764	
2162.563503	1.621753	
2162.565505	1.621786	
2162.567504	1.621762	
2162.571504	1.621734	
2162.573505	1.621704	
2162.575504	1.621741	
2162.577504	1.621788	
2162.579504	1.621767	
2162.581504	1.621757	
2162.585504	1.621774	
2162.589504	1.621770	
2162.591505	1.621738	
2162.593506	1.621799	
2162.595504	1.621770	
2162.597504	1.621761	
2162.601504	1.621783	
2162.603504	1.621737	
2162.605504	1.621796	
2162.607504	1.621761	
2162.609504	1.621734	
2162.611505	1.621770	
2162.613504	1.621756	
2162.615504	1.621754	
2162.617506	1.621753	
2162.619504	1.621776	
2162.621505	1.621750	
2162.623504	1.621745	
2162.625504	1.621737	
2162.629505	1.621741	
2162.631504	1.621695	
2162.633509	1.621726	
2162.635504	1.621572	
2162.637504	1.621247	
2162.641503	1.617100	
2162.643503	1.544897	
2162.645504	1.496129	
2162.647506	1.455063	
2162.649504	1.422705	
2162.651504	1.374976	
2162.653504	1.337256	
2162.655504	1.298640	
2162.657505	1.252464	
2162.659504	1.224057	
2162.661504	1.183550	
2162.663503	1.140491	
2162.667503	1.120156	
2162.669504	1.039904	
2162.671504	1.013272	
2162.673504	0.969060	
2162.675505	0.940735	
2162.677504	0.912792	
2162.681503	0.879458	
2162.683504	0.824075	
2162.685504	0.787951	
2162.689504	0.763368	
2162.691504	0.704948	
2162.693504	0.690338	
2162.695506	0.662852	
2162.697504	0.641739	
2162.701503	0.626694	
2162.703504	0.569697	
2162.707504	0.547600	
2162.709504	0.509337	
2162.711504	0.492975	
2162.713504	0.468940	
2162.715504	0.467232	
2162.719504	0.441644	
2162.721504	0.406018	
2162.723504	0.380178	
2162.725504	0.368484	
2162.727505	0.360795	
2162.729505	0.345760	
2162.731506	0.339882	
2162.733504	0.329806	
2162.735505	0.311483	
2162.737504	0.301102	
2162.739504	0.283571	
2162.741504	0.265865	
2162.745504	0.263320	
2162.747506	0.241940	
2162.749504	0.241779	
2162.751504	0.226595	
2162.753504	0.218025	
2162.755504	0.211065	
2162.759504	0.192377	
2162.761504	0.176176	
2162.763504	0.166680	
2162.767504	0.173556	
2162.769505	0.155658	
2162.771511	0.153432	
2162.773504	0.133279	
2162.775503	0.132160	
2162.777504	0.131244	
2162.781504	0.116273	
2162.785504	0.112433	
2162.787504	0.105329	
2162.789505	0.097972	
2162.791504	0.087485	
2162.793504	0.091717	
2162.797503	0.085059	
2162.799504	0.080865	
2162.801504	0.067547	
2162.803503	0.068850	
2162.805505	0.067667	
2162.807505	0.058098	
2162.809504	0.063185	
2162.811505	0.057537	
2162.813503	0.052437	
2162.815504	0.067339	
2162.817504	0.049799	
2162.819504	0.043336	
2162.821504	0.043661	
2162.825506	0.033320	
2162.827503	0.040703	
2162.829504	0.033092	
2162.831504	0.038777	
2162.833504	0.037094	
2162.837503	0.031391	
2162.839504	0.021162	
2162.841504	0.015935	
2162.845504	0.020926	
2162.847504	0.021883	
2162.849504	0.029491	
2162.851504	0.018355	
2162.853504	0.020222	
2162.857503	0.019182	
2162.859504	0.008699	
2162.863504	0.009112	
2162.865504	0.024143	
2162.867506	0.012890	
2162.869504	0.012711	
2162.871504	0.014206	
2162.875505	0.003955	
2162.877504	0.002395	
2162.879506	-0.000410	
2162.883504	0.004144	
2162.885504	0.003327	
2162.887504	0.006654	
2162.889504	0.001909	
2162.891504	-0.003642	
2162.895503	0.004685	
2162.897504	-0.002166	
2162.901504	0.004371	
2162.903504	0.000815	
2162.905504	0.000475	
2162.907504	-0.008457	
2162.909504	-0.001919	
2162.913504	-0.000107	
2162.915504	0.005158	
2162.917504	-0.003259	
2162.921504	-0.006559	
2162.923504	-0.008868	
2162.925504	-0.003925	
2162.927504	-0.002256	
2162.929505	-0.004483	
2162.931503	0.003091	
2162.935504	0.000307	
2162.939504	-0.005296	
2162.941504	-0.010524	
2162.943504	-0.001408	
2162.945505	-0.000707	
2162.947504	0.000505	
2162.951503	0.004520	
2162.953504	-0.006123	
2162.955504	-0.007818	
2162.959504	-0.015031	
2162.961505	-0.000912	
2162.963504	-0.004691	
2162.965503	0.006732	
2162.967504	0.001342	
2162.971503	0.000432	
2162.973504	-0.012369	
2162.977504	-0.009593	
2162.979504	-0.004157	
2162.981504	0.002562	
2162.983504	0.004968	
2162.985504	-0.001209	
2162.989503	0.001252	
2162.991504	-0.013420	
2162.993504	-0.004994	
2162.997504	-0.007259	
2162.999504	0.007403	
2163.001504	-0.003211	
2163.003504	-0.000140	
2163.005504	-0.001913	
2163.007504	-0.008860	
2163.011504	-0.006196	
2163.015504	-0.010460	
2163.017503	0.000885	
2163.019504	-0.000652	
2163.021504	0.000357	
2163.023503	-0.007188	
2163.027503	-0.005489	
2163.029504	-0.010659	
2163.031506	-0.003965	
2163.035504	-0.002589	
2163.037504	0.000024	
2163.039504	-0.002629	
2163.041506	-0.006752	
2163.043504	-0.003062	
2163.045504	-0.003456	
2163.049503	-0.004359	
2163.053504	-0.009524	
2163.055504	-0.003307	
2163.057505	-0.008322	
2163.059504	-0.005943	
2163.061504	-0.005392	
2163.065504	-0.007704	
2163.067504	-0.006493	
2163.069504	-0.010008	
2163.071504	-0.007383	
2163.073504	-0.015511	
2163.075504	-0.008219	
2163.077504	-0.004453	
2163.079504	-0.010036	
2163.081504	-0.002236	
2163.083505	-0.000069	
2163.085504	-0.013497	
2163.087504	-0.009608	
2163.091504	-0.013943	
2163.093504	-0.012135	
2163.095504	-0.011949	
2163.097504	-0.009505	
2163.099504	-0.005160	
2163.101504	-0.012881	
2163.103504	-0.011105	
2163.105504	-0.013467	
2163.107505	-0.025345	
2163.109504	-0.023841	
2163.111505	-0.022154	
2163.115504	-0.026318	
2163.117504	-0.018279	
2163.119505	-0.019244	
2163.121504	-0.019246	
2163.123504	-0.032699	
2163.127504	-0.027420	
2163.129504	-0.035758	
2163.131504	-0.032027	
2163.135504	-0.030019	
2163.137504	-0.030598	
2163.139504	-0.037349	
2163.141504	-0.045835	
2163.143506	-0.035191	
2163.145504	-0.041506	
2163.149505	-0.045984	
2163.153504	-0.055293	
2163.155504	-0.053952	
2163.157504	-0.064892	
2163.159504	-0.058654	
2163.161503	-0.060874	
2163.165504	-0.069278	
2163.167504	-0.074395	
2163.169504	-0.079965	
2163.171504	-0.081016	
2163.173506	-0.092041	
2163.175505	-0.088214	
2163.177508	-0.087514	
2163.179504	-0.098155	
2163.181504	-0.092591	
2163.183504	-0.094017	
2163.185505	-0.110506	
2163.187504	-0.112480	
2163.191504	-0.122374	
2163.193504	-0.125360	
2163.195504	-0.130366	
2163.197504	-0.131494	
2163.199504	-0.132500	
2163.201504	-0.148803	
2163.205504	-0.149817	
2163.207504	-0.176321	
2163.209503	-0.178388	
2163.213504	-0.184999	
2163.215505	-0.183973	
2163.217503	-0.197259	
2163.219505	-0.211454	
2163.221504	-0.213181	
2163.223504	-0.234672	
2163.227504	-0.245335	
2163.231504	-0.264694	
2163.233504	-0.273707	
2163.235504	-0.289629	
2163.237503	-0.299667	
2163.239504	-0.316242	
2163.243503	-0.332568	
2163.245504	-0.357516	
2163.247504	-0.366398	
2163.249503	-0.374881	
2163.251506	-0.394276	
2163.253504	-0.401242	
2163.255504	-0.419724	
2163.257504	-0.443139	
2163.259504	-0.452411	
2163.261504	-0.469418	
2163.263504	-0.493966	
2163.265504	-0.498407	
2163.269504	-0.523948	
2163.271504	-0.560641	
2163.273504	-0.588850	
2163.275504	-0.608577	
2163.277504	-0.623085	
2163.279504	-0.651831	
2163.283503	-0.667400	
2163.285505	-0.725490	
2163.287504	-0.747294	
2163.291504	-0.775048	
2163.293504	-0.821392	
2163.295504	-0.848661	
2163.297504	-0.875800	
2163.299504	-0.895906	
2163.303504	-0.933472	
2163.307503	-0.996531	
2163.309504	-1.057439	
2163.311510	-1.084404	
2163.313504	-1.120790	
2163.315504	-1.136487	
2163.317504	-1.182752	
2163.319504	-1.213341	
2163.321503	-1.245780	
2163.323504	-1.294555	
2163.325504	-1.326961	
2163.329504	-1.358666	
2163.331504	-1.431483	
2163.333504	-1.462188	
2163.335504	-1.505333	
2163.337504	-1.543464	
2163.339503	-1.586261	
2163.341506	-1.624988	
2163.343504	-1.634036	
2163.345504	-1.634737	
2163.349504	-1.634730	
2163.351503	-1.634823	
2163.353504	-1.634832	
2163.355503	-1.634838	
2163.357504	-1.634887	
2163.359504	-1.634945	
2163.361503	-1.634962	
2163.363503	-1.634982	
2163.365504	-1.635044	
2163.369504	-1.635111	
2163.371504	-1.635257	
2163.373504	-1.635287	
2163.375504	-1.635306	
2163.377504	-1.635334	
2163.379506	-1.635391	
2163.381503	-1.635376	
2163.383504	-1.635387	
2163.387504	-1.635450	
2163.391504	-1.635530	
2163.393504	-1.635528	
2163.395504	-1.635538	
2163.397504	-1.635507	
2163.399504	-1.635515	
2163.403503	-1.635541	
2163.405503	-1.635546	
2163.407504	-1.635545	
2163.411504	-1.635542	
2163.413504	-1.635521	
2163.415504	-1.635467	
2163.417504	-1.635487	
2163.419503	-1.635448	
2163.423503	-1.635393	
2163.425504	-1.635390	
2163.427504	-1.635330	
2163.429504	-1.635290	
2163.431504	-1.635261	
2163.433504	-1.635157	
2163.435504	-1.635118	
2163.437504	-1.635025	
2163.439505	-1.634969	
2163.441514	-1.634948	
2163.443505	-1.634871	
2163.445504	-1.634812	
2163.449504	-1.634786	
2163.451504	-1.634717	
2163.453504	-1.624841	
2163.455504	-1.573446	
2163.457505	-1.524161	
2163.459504	-1.454148	
2163.461505	-1.389931	
2163.463504	-1.332254	
2163.465504	-1.257692	
2163.467504	-1.206497	
2163.471504	-1.149793	
2163.473504	-1.031001	
2163.475504	-0.957479	
2163.477504	-0.884100	
2163.479504	-0.821580	
2163.481504	-0.744956	
2163.483504	-0.673079	
2163.485504	-0.610318	
2163.487504	-0.539746	
2163.489504	-0.473342	
2163.491503	-0.407037	
2163.495504	-0.325255	
2163.497504	-0.167468	
2163.499504	-0.084509	
2163.501504	-0.017395	
2163.503505	0.061727	
2163.505504	0.136184	
2163.507504	0.201362	
2163.509504	0.280465	
2163.511504	0.355029	
2163.513504	0.424215	
2163.517504	0.511901	
2163.519504	0.649029	
2163.521504	0.724549	
2163.523504	0.783670	
2163.525504	0.858785	
2163.529503	0.932886	
2163.531504	1.064341	
2163.533504	1.130862	
2163.537504	1.186796	
2163.539504	1.311761	
2163.541504	1.368594	
2163.543504	1.436408	
2163.545504	1.494601	
2163.547504	1.558921	
2163.551504	1.609877	
2163.555504	1.621534	
2163.557503	1.621686	
2163.559504	1.621735	
2163.561504	1.621719	
2163.563506	1.621743	
2163.567503	1.621729	
2163.569504	1.621765	
2163.571504	1.621750	
2163.573504	1.621744	
2163.575510	1.621723	
2163.577504	1.621738	
2163.579504	1.621772	
2163.581505	1.621730	
2163.583504	1.621747	
2163.587503	1.621789	
2163.589504	1.621759	
2163.593504	1.621746	
2163.595504	1.621732	
2163.597504	1.621764	
2163.599504	1.621747	
2163.601504	1.621744	
2163.605504	1.621757	
2163.607503	1.621803	
2163.609505	1.621767	
2163.613504	1.621795	
2163.615504	1.621734	
2163.617504	1.621794	
2163.619504	1.621796	
2163.621504	1.621781	
2163.623504	1.621776	
2163.627504	1.621762	
2163.631504	1.621797	
2163.633504	1.621740	
2163.635504	1.621754	
2163.637504	1.621727	
2163.639503	1.621738	
2163.643503	1.621719	
2163.645504	1.621711	
2163.647504	1.621750	
2163.649504	1.621693	
2163.651504	1.621659	
2163.653504	1.621602	
2163.655504	1.621397	
2163.657504	1.620320	
2163.659506	1.615273	
2163.661504	1.588922	
2163.663504	1.543591	
2163.665504	1.519122	
2163.669504	1.472983	
2163.671504	1.400049	
2163.673504	1.360395	
2163.675504	1.332538	
2163.677504	1.299273	
2163.679504	1.264753	
2163.683504	1.237613	
2163.685504	1.166060	
2163.687504	1.134568	
2163.691504	1.098120	
2163.693504	1.042909	
2163.695504	1.014302	
2163.697504	0.985052	
2163.699504	0.959602	
2163.701505	0.927361	
2163.705505	0.895766	
2163.709504	0.830432	
2163.711503	0.789785	
2163.713507	0.761796	
2163.715504	0.747927	
2163.717504	0.715849	
2163.721503	0.689956	
2163.723503	0.631148	
2163.725503	0.611919	
2163.727504	0.594285	
2163.729505	0.574831	
2163.731504	0.563108	
2163.733505	0.543683	
2163.735503	0.518188	
2163.737504	0.501536	
2163.739504	0.480873	
2163.741504	0.455777	
2163.743504	0.446324	
2163.745503	0.426947	
2163.749504	0.413642	
2163.751504	0.387264	
2163.753504	0.376413	
2163.755504	0.359282	
2163.757504	0.341919	
2163.761503	0.335722	
2163.763504	0.304372	
2163.765504	0.305944	
2163.769504	0.286118	
2163.771504	0.269842	
2163.773505	0.251047	
2163.775504	0.242334	
2163.777504	0.237505	
2163.779504	0.225541	
2163.783504	0.216925	
2163.787504	0.195397	
2163.789504	0.184334	
2163.791504	0.171770	
2163.793506	0.170543	
2163.795504	0.162423	
2163.799504	0.161650	
2163.801504	0.138820	
2163.803504	0.136550	
2163.805504	0.127164	
2163.807506	0.120365	
2163.809504	0.122507	
2163.811504	0.118790	
2163.813504	0.111573	
2163.815504	0.119354	
2163.817505	0.108147	
2163.819504	0.098825	
2163.821504	0.093266	
2163.825504	0.082595	
2163.827505	0.082400	
2163.829504	0.079322	
2163.831504	0.084359	
2163.833504	0.080826	
2163.835504	0.073027	
2163.839503	0.069834	
2163.841504	0.050345	
2163.843504	0.055106	
2163.847504	0.051062	
2163.849504	0.056297	
2163.851504	0.048400	
2163.853509	0.047637	
2163.855504	0.042695	
2163.857504	0.037575	
2163.861504	0.035006	
2163.865504	0.028714	
2163.867505	0.035111	
2163.869504	0.030369	
2163.871504	0.032758	
2163.873504	0.019440	
2163.877503	0.022096	
2163.879504	0.015769	
2163.881506	0.020727	
2163.885504	0.019297	
2163.887507	0.019189	
2163.889504	0.014960	
2163.891504	0.006839	
2163.893504	0.014753	
2163.895505	0.012538	
2163.899504	0.010300	
2163.903504	0.004439	
2163.905505	0.005596	
2163.907504	0.001770	
2163.909504	0.004341	
2163.911504	0.004310	
2163.915504	0.003448	
2163.917504	0.001593	
2163.919504	0.000775	
2163.923504	-0.000805	
2163.925504	-0.000524	
2163.927504	0.002100	
2163.929504	0.001089	
2163.931504	0.007714	
2163.933504	0.006844	
2163.937504	-0.002112	
2163.941504	-0.007338	
2163.943504	-0.000207	
2163.945504	0.000442	
2163.947504	0.002117	
2163.949504	0.007643	
2163.953503	-0.001493	
2163.955504	-0.009793	
2163.957506	-0.013438	
2163.959504	-0.007435	
2163.961505	-0.005316	
2163.963504	-0.004254	
2163.965504	0.008559	
2163.967504	-0.000441	
2163.969504	-0.001838	
2163.971504	-0.000076	
2163.973504	-0.015330	
2163.975504	-0.011129	
2163.979504	-0.008733	
2163.981504	-0.002709	
2163.983504	0.001954	
2163.985504	-0.001148	
2163.987510	-0.002142	
2163.989504	-0.007319	
2163.991504	-0.005831	
2163.993503	-0.003891	
2163.995504	-0.008826	
2163.997504	-0.006253	
2163.999503	-0.000406	
2164.003504	-0.009007	
2164.005504	-0.006370	
2164.007504	-0.009255	
2164.009504	-0.005163	
2164.011504	-0.005283	
2164.015504	-0.004996	
2164.017503	-0.007768	
2164.019504	-0.007846	
2164.023504	-0.008492	
2164.025504	-0.007250	
2164.027504	-0.004948	
2164.029504	-0.006637	
2164.031504	-0.000873	
2164.033504	0.001937	
2164.037504	-0.008892	
2164.041504	-0.012178	
2164.043504	-0.006432	
2164.045504	-0.004353	
2164.047504	-0.002137	
2164.049504	0.002926	
2164.053503	-0.004297	
2164.055504	-0.011194	
2164.057505	-0.014821	
