time (s)	magNum	magX	magY	magZ
2155.163571	0.000000	188.210937	-363.905273	-973.417969	1.000000	-273.215820	432.333008	-562.357422	2.000000	-84.864258	-248.566406	-94.306641	3.000000	281.167969	-74.516602	-80.893555
2155.185443	0.000000	77.273437	-407.069336	-950.664062	1.000000	-331.711914	385.653320	-546.146484	2.000000	-89.063477	-221.515625	-74.482422	3.000000	302.261719	-98.637695	-105.795898
2155.204979	0.000000	-17.453125	-432.362305	-906.328125	1.000000	-372.336914	338.778320	-517.435547	2.000000	-90.235352	-198.859375	-59.345703	3.000000	319.546875	-123.833008	-131.284180
2155.223363	0.000000	-97.824219	-443.885742	-846.953125	1.000000	-399.778320	293.758789	-480.912109	2.000000	-89.942383	-179.425781	-47.138672	3.000000	332.535156	-149.614258	-156.674805
2155.242932	0.000000	-169.894531	-443.397461	-772.148437	1.000000	-415.793945	247.274414	-435.111328	2.000000	-88.575195	-160.089844	-36.396484	3.000000	342.007812	-179.985352	-186.069336
2155.263466	0.000000	-228.976562	-431.385742	-687.382812	1.000000	-419.797852	201.864258	-383.646484	2.000000	-85.743164	-142.511719	-26.728516	3.000000	346.011719	-214.653320	-217.612305
2155.283000	0.000000	-269.015625	-412.245117	-605.449219	1.000000	-414.329102	164.266602	-335.013672	2.000000	-82.813477	-127.277344	-19.111328	3.000000	344.351562	-248.344727	-248.081055
2155.301376	0.000000	-294.113281	-389.002930	-530.449219	1.000000	-401.633789	133.309570	-292.044922	2.000000	-79.200195	-114.777344	-13.447266	3.000000	335.660156	-280.180664	-275.327148
2155.320880	0.000000	-308.664062	-361.952148	-457.500000	1.000000	-383.860352	106.258789	-249.564453	2.000000	-75.977539	-103.351562	-7.978516	3.000000	321.011719	-313.383789	-301.694336
2155.341425	0.000000	-314.035156	-331.678711	-388.945312	1.000000	-361.301758	82.528320	-210.404297	2.000000	-71.387695	-92.316406	-4.169922	3.000000	299.527344	-345.512695	-325.717773
2155.360963	0.000000	-311.984375	-303.749023	-331.621094	1.000000	-338.352539	64.950195	-177.591797	2.000000	-67.969727	-83.332031	-0.654297	3.000000	274.039062	-372.758789	-344.858398
2155.381534	0.000000	-305.539062	-275.819336	-280.058594	1.000000	-314.036133	50.301758	-147.904297	2.000000	-64.844727	-75.324219	2.080078	3.000000	242.886719	-397.954102	-362.143555
2155.401057	0.000000	-296.359375	-251.014648	-238.457031	1.000000	-291.379883	39.852539	-123.783203	2.000000	-61.622070	-68.585937	4.033203	3.000000	209.683594	-417.192383	-373.959961
2155.419429	0.000000	-286.593750	-229.823242	-205.644531	1.000000	-271.750977	31.649414	-105.326172	2.000000	-58.790039	-63.019531	5.400391	3.000000	177.066406	-431.352539	-380.991211
2155.438953	0.000000	-275.265625	-209.706055	-175.957031	1.000000	-252.512695	25.399414	-88.626953	2.000000	-56.348633	-58.136719	6.962891	3.000000	144.351562	-442.583008	-385.678711
2155.459515	0.000000	-263.449219	-190.956055	-150.957031	1.000000	-234.153320	20.614258	-74.369141	2.000000	-53.711914	-53.351562	7.744141	3.000000	109.683594	-450.102539	-387.045898
2155.479013	0.000000	-252.414062	-175.624023	-130.839844	1.000000	-218.528320	16.708008	-62.748047	2.000000	-51.661133	-50.031250	8.525391	3.000000	78.433594	-454.594727	-386.264648
2155.497375	0.000000	-243.234375	-162.733398	-115.507812	1.000000	-205.442383	14.071289	-54.056641	2.000000	-50.196289	-47.003906	9.306641	3.000000	50.796875	-455.864258	-385.092773
2155.516915	0.000000	-234.152344	-150.819336	-101.640625	1.000000	-191.965820	11.922852	-46.146484	2.000000	-48.145508	-44.562500	9.697266	3.000000	23.941406	-455.375977	-383.334961
2155.537489	0.000000	-226.144531	-139.881836	-89.921875	1.000000	-181.321289	11.043945	-39.408203	2.000000	-47.168945	-42.121094	10.087891	3.000000	-2.328125	-453.813477	-381.967773
2155.557074	0.000000	-219.406250	-130.995117	-81.523437	1.000000	-171.653320	10.067383	-34.134766	2.000000	-46.094727	-40.070312	10.087891	3.000000	-24.105469	-451.469727	-381.284180
2155.575474	0.000000	-214.425781	-123.963867	-74.687500	1.000000	-163.840820	9.579102	-30.228516	2.000000	-45.411133	-38.800781	10.185547	3.000000	-42.464844	-448.735352	-381.674805
2155.595009	0.000000	-210.128906	-117.616211	-69.121094	1.000000	-157.102539	9.286133	-26.615234	2.000000	-44.629883	-37.140625	10.771484	3.000000	-59.457031	-446.098633	-383.432617
2155.613445	0.000000	-207.199219	-112.440430	-65.312500	1.000000	-151.829102	9.579102	-24.076172	2.000000	-44.727539	-36.261719	10.673828	3.000000	-74.007812	-444.340820	-386.362305
2155.632983	0.000000	-205.441406	-108.143555	-62.382812	1.000000	-147.043945	9.676758	-22.123047	2.000000	-44.629883	-35.871094	10.380859	3.000000	-87.484375	-442.875977	-392.905273
2155.651388	0.000000	-204.562500	-104.334961	-60.625000	1.000000	-143.528320	10.360352	-20.462891	2.000000	-44.532227	-35.089844	10.576172	3.000000	-99.398437	-441.997070	-401.694336
2155.670993	0.000000	-205.441406	-101.112305	-60.136719	1.000000	-140.208008	11.336914	-18.705078	2.000000	-45.411133	-35.089844	10.478516	3.000000	-109.945312	-442.485352	-414.291992
2155.689436	0.000000	-206.320312	-98.768555	-60.039062	1.000000	-138.059570	12.411133	-17.923828	2.000000	-45.899414	-34.992187	10.380859	3.000000	-117.855469	-442.778320	-429.624023
2155.708985	0.000000	-209.835937	-96.620117	-61.406250	1.000000	-136.790039	13.778320	-17.142578	2.000000	-47.461914	-34.992187	10.185547	3.000000	-125.082031	-444.829102	-449.057617
2155.727383	0.000000	-214.328125	-95.350586	-63.457031	1.000000	-135.618164	15.145508	-16.751953	2.000000	-48.047852	-35.578125	10.087891	3.000000	-130.453125	-447.172852	-470.444336
2155.746900	0.000000	-219.406250	-94.471680	-67.070312	1.000000	-135.813477	17.293945	-16.849609	2.000000	-49.512695	-36.066406	9.794922	3.000000	-133.382812	-450.395508	-497.299805
2155.767511	0.000000	-226.925781	-93.983398	-72.050781	1.000000	-135.911133	19.735352	-17.435547	2.000000	-51.270508	-37.531250	9.306641	3.000000	-133.968750	-453.520508	-532.065430
2155.787063	0.000000	-236.886719	-93.690430	-78.496094	1.000000	-137.571289	21.883789	-18.021484	2.000000	-53.223633	-38.703125	9.111328	3.000000	-131.917969	-456.254883	-570.444336
2155.805468	0.000000	-247.335937	-93.397461	-85.625000	1.000000	-139.231445	24.911133	-18.607422	2.000000	-55.958008	-40.070312	8.232422	3.000000	-125.765625	-457.426758	-611.362305
2155.825043	0.000000	-260.226562	-93.202148	-95.878906	1.000000	-141.672852	28.426758	-19.779297	2.000000	-59.375977	-41.730469	7.646484	3.000000	-115.609375	-457.036133	-659.799805
2155.843443	0.000000	-274.289062	-93.104492	-107.402344	1.000000	-144.211914	32.040039	-21.146484	2.000000	-62.500977	-44.074219	7.158203	3.000000	-100.082031	-454.008789	-708.237305
2155.862962	0.000000	-290.792969	-93.104492	-122.246094	1.000000	-147.629883	36.239258	-22.806641	2.000000	-66.602539	-47.101562	5.986328	3.000000	-77.523437	-447.075195	-763.413086
2155.883533	0.000000	-311.203125	-92.909180	-141.777344	1.000000	-151.438477	41.708008	-25.345703	2.000000	-72.266602	-50.421875	4.423828	3.000000	-44.613281	-433.891602	-823.081055
2155.903038	0.000000	-333.371094	-91.053711	-164.726562	1.000000	-155.442383	47.665039	-27.982422	2.000000	-78.028320	-54.523437	2.568359	3.000000	-4.769531	-414.653320	-878.159180
2155.921405	0.000000	-356.125000	-88.709961	-190.312500	1.000000	-159.446289	54.110352	-30.619141	2.000000	-83.985352	-58.527344	0.322266	3.000000	41.226562	-388.481445	-926.694336
2155.940974	0.000000	-382.589844	-84.315430	-223.320312	1.000000	-162.961914	61.922852	-33.939453	2.000000	-91.700195	-63.898437	-2.705078	3.000000	98.648437	-352.934570	-969.956055
2155.961557	0.000000	-412.570312	-77.088867	-264.921875	1.000000	-167.747070	71.102539	-37.748047	2.000000	-100.000977	-70.539062	-6.904297	3.000000	167.007812	-306.059570	-1001.108398
2155.981089	0.000000	-441.769531	-67.030273	-312.187500	1.000000	-172.532227	80.282227	-42.044922	2.000000	-110.645508	-77.765625	-11.689453	3.000000	237.027344	-254.692383	-1011.948242
2155.999579	0.000000	-469.992187	-53.846680	-365.214844	1.000000	-175.364258	90.633789	-46.244141	2.000000	-121.290039	-85.871094	-18.037109	3.000000	304.312500	-200.590820	-1003.647461
2156.021625	0.000000	-501.730469	-31.483398	-439.726562	1.000000	-179.075195	103.719727	-51.810547	2.000000	-135.938477	-97.199219	-27.119141	3.000000	380.777344	-133.110352	-966.049805
2156.042508	0.000000	-527.218750	-1.991211	-520.683594	1.000000	-180.344727	117.000977	-57.083984	2.000000	-152.149414	-109.894531	-38.740234	3.000000	442.691406	-69.243164	-905.112305
2156.062548	0.000000	-542.746094	34.727539	-606.621094	1.000000	-181.125977	131.063477	-61.380859	2.000000	-169.434570	-123.957031	-53.095703	3.000000	488.589844	-13.286133	-826.694336
2156.081402	0.000000	-548.019531	77.500977	-691.972656	1.000000	-179.172852	144.344727	-65.775391	2.000000	-187.696289	-139.386719	-70.185547	3.000000	515.835937	32.709961	-740.268555
2156.101078	0.000000	-548.019531	77.500977	-691.972656	1.000000	-175.559570	158.114258	-69.876953	2.000000	-208.008789	-157.355469	-92.744141	3.000000	528.140625	71.088867	-642.709961
2156.120794	0.000000	-510.226562	191.172852	-870.488281	1.000000	-170.579102	171.981445	-73.587891	2.000000	-230.372070	-178.546875	-120.966797	3.000000	525.796875	99.506836	-543.393555
2156.141593	0.000000	-457.101562	260.313477	-950.859375	1.000000	-161.887695	186.141602	-76.712891	2.000000	-255.274414	-203.644531	-158.466797	3.000000	508.121094	118.549805	-443.491211
2156.162480	0.000000	-380.441406	330.821289	-1010.136719	1.000000	-151.145508	198.934570	-78.470703	2.000000	-279.981445	-231.671875	-205.341797	3.000000	478.531250	128.120117	-352.377930
2156.182531	0.000000	-287.082031	393.516602	-1039.042969	1.000000	-138.547852	209.188477	-78.666016	2.000000	-302.247070	-260.968750	-260.322266	3.000000	443.277344	130.561523	-276.401367
2156.203578	0.000000	-175.949219	449.571289	-1036.699219	1.000000	-123.606445	217.293945	-77.396484	2.000000	-323.047852	-293.097656	-330.048828	3.000000	402.359375	127.338867	-208.920898
2156.225461	0.000000	-56.222656	492.051758	-998.515625	1.000000	-106.321289	223.446289	-74.857422	2.000000	-337.305664	-327.375000	-414.521484	3.000000	359.097656	120.502930	-152.573242
2156.244981	0.000000	46.902344	512.559570	-938.164062	1.000000	-89.329102	226.083008	-71.048828	2.000000	-340.235352	-356.671875	-499.873047	3.000000	321.792969	112.104492	-111.557617
2156.265554	0.000000	143.386719	517.149414	-855.058594	1.000000	-72.629883	226.278320	-66.654297	2.000000	-330.469727	-384.699219	-597.138672	3.000000	284.195312	101.948242	-77.768555
2156.285021	0.000000	217.312500	507.286133	-765.019531	1.000000	-56.321289	224.325195	-61.966797	2.000000	-306.641602	-406.085937	-691.572266	3.000000	252.554687	92.573242	-52.963867
2156.303381	0.000000	269.558594	487.852539	-676.347656	1.000000	-41.965820	220.125977	-56.400391	2.000000	-268.360352	-420.050781	-778.583984	3.000000	224.722656	83.588867	-34.799805
2156.322934	0.000000	308.328125	458.848633	-583.964844	1.000000	-28.000977	214.559570	-50.443359	2.000000	-212.793945	-426.398437	-863.544922	3.000000	199.039062	74.897461	-19.760742
2156.343492	0.000000	331.277344	423.692383	-492.363281	1.000000	-14.133789	206.942383	-43.314453	2.000000	-138.868164	-423.078125	-937.666016	3.000000	175.210937	66.499023	-7.553711
2156.363046	0.000000	340.652344	387.657227	-413.847656	1.000000	-2.708008	198.543945	-37.259766	2.000000	-56.739258	-411.066406	-988.544922	3.000000	155.191406	59.272461	0.844727
2156.381412	0.000000	340.457031	353.575195	-348.906250	1.000000	6.178711	190.145508	-31.693359	2.000000	25.389648	-392.902344	-1016.376953	3.000000	138.980469	53.022461	7.094727
2156.400952	0.000000	333.621094	318.614258	-289.921875	1.000000	14.870117	180.965820	-26.419922	2.000000	113.280273	-367.316406	-1022.724609	3.000000	124.234375	47.163086	11.879883
2156.421533	0.000000	321.511719	284.727539	-237.871094	1.000000	22.584961	171.688477	-21.439453	2.000000	200.291992	-337.238281	-1006.123047	3.000000	110.855469	41.889648	15.395508
2156.441020	0.000000	307.644531	255.625977	-196.757812	1.000000	29.127930	162.997070	-16.751953	2.000000	273.241211	-306.378906	-973.115234	3.000000	100.015625	37.592773	18.129883
2156.459388	0.000000	293.093750	231.211914	-164.335937	1.000000	33.913086	154.891602	-12.650391	2.000000	331.639648	-277.570312	-929.658203	3.000000	91.519531	34.077148	19.790039
2156.478935	0.000000	277.859375	207.872070	-136.113281	1.000000	37.916992	146.883789	-8.646484	2.000000	380.565430	-248.273437	-874.775391	3.000000	83.218750	30.561523	20.864258
2156.499501	0.000000	261.941406	186.387695	-111.699219	1.000000	41.627930	139.266602	-5.326172	2.000000	419.334961	-221.027344	-812.177734	3.000000	75.503906	27.338867	22.133789
2156.519041	0.000000	248.074219	168.809570	-92.753906	1.000000	44.166992	132.723633	-2.982422	2.000000	444.237305	-198.566406	-751.435547	3.000000	69.644531	24.995117	22.133789
2156.537390	0.000000	236.160156	154.747070	-78.886719	1.000000	46.413086	127.254883	-0.931641	2.000000	459.374023	-180.695312	-695.966797	3.000000	64.957031	23.041992	22.524414
2156.556923	0.000000	225.417969	141.368164	-66.972656	1.000000	48.561523	122.567383	0.630859	2.000000	468.065430	-165.558594	-640.107422	3.000000	60.660156	20.991211	23.012695
2156.577506	0.000000	215.261719	129.844727	-56.523437	1.000000	50.319336	118.270508	2.388672	2.000000	470.311523	-152.375000	-586.298828	3.000000	57.339844	19.038086	23.208008
2156.597037	0.000000	206.863281	119.786133	-48.515625	1.000000	51.979492	114.266602	3.755859	2.000000	468.553711	-143.585937	-541.572266	3.000000	54.117187	17.670898	23.110352
2156.615461	0.000000	200.515625	112.168945	-42.851562	1.000000	53.053711	111.727539	4.634766	2.000000	464.452148	-137.335937	-504.267578	3.000000	51.773437	16.303711	23.403320
2156.635066	0.000000	194.656250	105.723633	-37.968750	1.000000	54.518555	109.676758	4.732422	2.000000	458.202148	-133.234375	-469.599609	3.000000	49.625000	15.717773	22.817383
2156.653474	0.000000	191.042969	100.450195	-34.941406	1.000000	56.178711	108.309570	5.318359	2.000000	451.463867	-131.867187	-441.962891	3.000000	48.453125	14.741211	22.719727
2156.673019	0.000000	188.601562	95.665039	-32.109375	1.000000	58.034180	107.918945	5.123047	2.000000	443.846680	-132.453125	-416.767578	3.000000	46.890625	14.155273	22.719727
2156.691421	0.000000	187.136719	91.954102	-30.742187	1.000000	59.499023	107.821289	4.732422	2.000000	436.229492	-134.503906	-396.943359	3.000000	46.304687	13.471680	22.719727
2156.710973	0.000000	186.648437	88.438477	-29.765625	1.000000	62.038086	108.797852	4.048828	2.000000	429.393555	-138.507812	-379.755859	3.000000	45.816406	12.983398	22.817383
2156.729373	0.000000	187.429687	86.387695	-30.058594	1.000000	63.795898	110.067383	3.267578	2.000000	421.971680	-143.781250	-367.060547	3.000000	45.718750	12.592773	22.817383
2156.748972	0.000000	189.871094	84.239258	-30.839844	1.000000	66.041992	112.704102	1.998047	2.000000	415.721680	-151.300781	-357.294922	3.000000	45.816406	11.811523	23.305664
2156.769573	0.000000	193.777344	82.969727	-33.378906	1.000000	68.971680	116.317383	-0.248047	2.000000	408.690430	-161.359375	-350.263672	3.000000	45.718750	11.420898	22.915039
2156.789085	0.000000	199.246094	82.579102	-36.503906	1.000000	72.194336	120.516602	-2.396484	2.000000	402.440430	-172.296875	-345.771484	3.000000	46.890625	11.713867	22.524414
2156.807499	0.000000	205.593750	82.090820	-40.410156	1.000000	76.100586	125.790039	-5.130859	2.000000	396.092773	-184.406250	-343.720703	3.000000	47.574219	11.323242	23.305664
2156.827052	0.000000	213.894531	82.188477	-45.488281	1.000000	80.104492	132.040039	-8.841797	2.000000	389.452148	-199.347656	-342.646484	3.000000	49.429687	11.323242	23.305664
2156.845436	0.000000	224.148437	82.481445	-51.738281	1.000000	84.108398	139.754883	-13.431641	2.000000	381.834961	-214.875000	-343.623047	3.000000	51.382812	11.225586	23.110352
2156.864984	0.000000	235.671875	83.165039	-60.234375	1.000000	88.795898	148.836914	-18.900391	2.000000	372.362305	-233.136719	-346.357422	3.000000	54.117187	11.030273	23.012695
2156.883447	0.000000	249.246094	84.239258	-70.097656	1.000000	93.581055	159.481445	-25.541016	2.000000	362.206055	-251.398437	-349.775391	3.000000	56.460937	10.932617	22.719727
2156.903006	0.000000	265.652344	85.215820	-83.378906	1.000000	99.245117	172.372070	-33.841797	2.000000	349.510742	-272.296875	-353.291016	3.000000	59.390625	10.639648	22.915039
2156.921372	0.000000	283.230469	86.192383	-98.125000	1.000000	104.811523	186.043945	-43.900391	2.000000	335.252930	-292.804687	-356.123047	3.000000	63.101562	10.639648	22.817383
2156.940889	0.000000	303.835937	86.583008	-116.875000	1.000000	110.768555	202.840820	-56.009766	2.000000	316.405273	-314.582031	-358.271484	3.000000	67.300781	10.541992	22.524414
2156.961475	0.000000	328.738281	86.290039	-141.289062	1.000000	117.116211	223.250977	-72.123047	2.000000	293.846680	-337.433594	-358.271484	3.000000	73.062500	10.444336	22.231445
2156.980975	0.000000	354.421875	84.727539	-169.902344	1.000000	122.877930	245.223633	-90.970703	2.000000	268.456055	-357.843750	-356.416016	3.000000	79.312500	10.053711	21.645508
2157.001593	0.000000	384.011719	81.504883	-206.914062	1.000000	127.565430	271.493164	-114.505859	2.000000	238.280273	-377.277344	-351.533203	3.000000	86.343750	9.467773	20.278320
2157.023430	0.000000	416.824219	75.254883	-254.472656	1.000000	130.006836	302.157227	-144.974609	2.000000	202.049805	-393.781250	-342.939453	3.000000	95.425781	8.686523	18.813477
2157.043016	0.000000	446.414062	66.172852	-305.253906	1.000000	129.323242	332.040039	-177.494141	2.000000	168.065430	-404.230469	-330.732422	3.000000	104.605469	7.416992	17.055664
2157.061551	0.000000	473.660156	52.989258	-361.113281	1.000000	125.221680	362.020508	-212.845703	2.000000	134.569336	-409.210937	-315.498047	3.000000	114.761719	5.952148	14.907227
2157.083616	0.000000	501.687500	30.235352	-438.066406	1.000000	114.577148	398.250977	-261.087891	2.000000	94.627930	-409.210937	-293.427734	3.000000	127.652344	3.217773	11.196289
2157.104471	0.000000	520.242187	1.329102	-520.195312	1.000000	95.827148	431.356445	-312.455078	2.000000	58.592773	-402.375000	-269.111328	3.000000	142.105469	0.092773	6.899414
2157.124523	0.000000	527.664062	-34.706055	-605.937500	1.000000	68.678711	460.067383	-364.310547	2.000000	25.780273	-390.363281	-243.525391	3.000000	157.828125	-4.204102	0.844727
2157.143382	0.000000	527.664062	-34.706055	-605.937500	1.000000	33.913086	481.551758	-413.431641	2.000000	-1.758789	-374.640625	-218.623047	3.000000	173.941406	-9.868164	-5.893555
2157.163103	0.000000	527.664062	-34.706055	-605.937500	1.000000	-12.278320	496.200195	-462.748047	2.000000	-26.075195	-354.425781	-193.134766	3.000000	192.300781	-16.899414	-14.780273
2157.182810	0.000000	454.519531	-182.362305	-851.738281	1.000000	-67.356445	500.594727	-505.619141	2.000000	-46.485352	-331.964844	-166.962891	3.000000	212.125000	-26.176758	-25.424805
2157.203618	0.000000	388.210937	-244.569336	-916.386719	1.000000	-131.809570	492.489258	-541.263672	2.000000	-63.086914	-305.402344	-140.791016	3.000000	233.121094	-38.286133	-39.877930
2157.224462	0.000000	301.589844	-305.409180	-957.207031	1.000000	-199.973633	470.711914	-562.064453	2.000000	-75.391602	-278.058594	-116.474609	3.000000	255.484375	-53.325195	-56.772461
2157.245477	0.000000	201.394531	-360.291992	-969.902344	1.000000	-265.793945	436.727539	-565.775391	2.000000	-83.301758	-250.714844	-94.794922	3.000000	278.140625	-72.270508	-76.791992
2157.265052	0.000000	102.175781	-400.624023	-955.253906	1.000000	-320.383789	395.516602	-552.884766	2.000000	-88.184570	-226.886719	-76.923828	3.000000	297.769531	-93.071289	-98.862305
2157.283438	0.000000	11.355469	-427.088867	-919.511719	1.000000	-361.790039	352.743164	-527.982422	2.000000	-89.942383	-205.304687	-61.982422	3.000000	314.566406	-115.629883	-121.616211
2157.302973	0.000000	-77.218750	-442.420898	-862.871094	1.000000	-393.821289	304.793945	-490.970703	2.000000	-90.333008	-184.210937	-49.189453	3.000000	329.214844	-142.583008	-149.057617
2157.323555	0.000000	-156.906250	-444.666992	-786.601562	1.000000	-413.547852	255.184570	-444.095703	2.000000	-89.063477	-163.703125	-36.884766	3.000000	340.835937	-173.930664	-179.331055
2157.343030	0.000000	-216.476562	-435.780273	-706.230469	1.000000	-420.383789	211.532227	-396.048828	2.000000	-86.426758	-146.320312	-27.314453	3.000000	345.328125	-206.254883	-209.213867
2157.361399	0.000000	-257.687500	-419.862305	-628.984375	1.000000	-417.551758	174.032227	-350.248047	2.000000	-83.497070	-131.671875	-20.087891	3.000000	345.523437	-237.895508	-237.143555
2157.380914	0.000000	-287.570312	-396.620117	-548.515625	1.000000	-406.321289	140.047852	-303.373047	2.000000	-79.981445	-117.609375	-13.544922	3.000000	338.589844	-271.782227	-265.756836
2157.401464	0.000000	-305.929687	-368.202148	-470.585937	1.000000	-387.668945	110.067383	-257.767578	2.000000	-75.977539	-105.011719	-8.076172	3.000000	324.429687	-306.547852	-294.565430
2157.421017	0.000000	-313.449219	-339.491211	-403.496094	1.000000	-366.868164	87.313477	-218.802734	2.000000	-72.266602	-94.367187	-3.974609	3.000000	305.875000	-337.993164	-319.174805
2157.439397	0.000000	-313.546875	-312.635742	-347.734375	1.000000	-345.188477	69.637695	-186.283203	2.000000	-68.750977	-85.871094	-0.751953	3.000000	282.925781	-364.946289	-339.487305
2157.458911	0.000000	-308.761719	-285.194336	-295.878906	1.000000	-321.848633	54.793945	-156.595703	2.000000	-65.528320	-77.863281	2.275391	3.000000	254.214844	-390.043945	-356.674805
2157.479478	0.000000	-299.582031	-258.729492	-249.394531	1.000000	-298.215820	42.293945	-130.228516	2.000000	-61.915039	-70.148437	4.619141	3.000000	220.035156	-411.918945	-369.956055
2157.499000	0.000000	-289.035156	-235.780273	-212.871094	1.000000	-276.633789	33.309570	-109.818359	2.000000	-59.375977	-64.386719	6.376953	3.000000	186.929687	-428.422852	-378.159180
2157.517393	0.000000	-278.488281	-216.151367	-183.964844	1.000000	-258.176758	26.375977	-93.216797	2.000000	-56.934570	-59.601562	7.353516	3.000000	154.996094	-439.848633	-382.749023
2157.536932	0.000000	-267.257812	-197.791992	-158.085937	1.000000	-240.403320	21.395508	-78.275391	2.000000	-54.688477	-54.816406	8.623047	3.000000	121.792969	-448.051758	-385.776367
2157.557492	0.000000	-255.734375	-180.213867	-135.625000	1.000000	-222.922852	17.196289	-65.384766	2.000000	-52.344727	-50.617187	9.599609	3.000000	87.906250	-453.618164	-386.557617
2157.577075	0.000000	-245.480469	-165.760742	-117.558594	1.000000	-208.274414	14.266602	-55.033203	2.000000	-50.000977	-47.492187	9.990234	3.000000	57.730469	-456.059570	-385.385742
2157.595429	0.000000	-236.691406	-154.432617	-104.179687	1.000000	-195.774414	12.508789	-46.927734	2.000000	-48.829102	-44.855469	10.771484	3.000000	31.949219	-456.352539	-384.116211
2157.614952	0.000000	-228.488281	-143.592773	-93.339844	1.000000	-184.739258	10.653320	-40.580078	2.000000	-47.559570	-42.609375	10.771484	3.000000	6.558594	-454.985352	-382.456055
2157.635589	0.000000	-220.968750	-134.022461	-82.890625	1.000000	-174.583008	9.774414	-35.013672	2.000000	-46.583008	-40.363281	11.162109	3.000000	-17.855469	-452.836914	-380.698242
2157.657442	0.000000	-214.718750	-125.331055	-74.589844	1.000000	-164.719727	9.286133	-30.130859	2.000000	-45.508789	-38.507812	11.357422	3.000000	-40.218750	-449.321289	-380.795898
2157.676994	0.000000	-210.421875	-118.690430	-69.023437	1.000000	-157.981445	9.090820	-26.517578	2.000000	-44.825195	-37.140625	11.259766	3.000000	-57.796875	-446.782227	-382.065430
2157.695433	0.000000	-206.808594	-113.124023	-64.335937	1.000000	-152.512695	9.188477	-23.392578	2.000000	-44.629883	-36.359375	11.650391	3.000000	-73.031250	-444.829102	-385.678711
2157.715007	0.000000	-205.050781	-108.436523	-61.601562	1.000000	-147.239258	9.579102	-20.951172	2.000000	-44.922852	-35.675781	11.455078	3.000000	-87.093750	-443.754883	-392.124023
2157.733412	0.000000	-203.683594	-104.627930	-59.746094	1.000000	-143.625977	9.969727	-19.486328	2.000000	-44.532227	-35.285156	11.455078	3.000000	-98.226562	-442.387695	-400.522461
2157.752943	0.000000	-204.269531	-101.795898	-59.062500	1.000000	-140.598633	11.239258	-17.923828	2.000000	-45.313477	-34.699219	11.259766	3.000000	-108.773437	-442.583008	-412.241211
2157.773595	0.000000	-205.832031	-99.159180	-59.160156	1.000000	-138.157227	11.922852	-17.044922	2.000000	-45.606445	-34.796875	11.162109	3.000000	-117.953125	-443.266602	-427.670898
2157.795451	0.000000	-209.250000	-96.717773	-60.234375	1.000000	-136.594727	13.583008	-16.654297	2.000000	-47.071289	-35.187500	11.259766	3.000000	-126.156250	-445.512695	-449.643555
2157.815036	0.000000	-214.035156	-95.448242	-62.578125	1.000000	-135.325195	15.243164	-16.166016	2.000000	-48.145508	-35.773437	10.869141	3.000000	-131.039062	-448.051758	-473.374023
2157.833440	0.000000	-220.382812	-94.569336	-66.191406	1.000000	-135.520508	16.903320	-15.970703	2.000000	-49.512695	-36.164062	10.576172	3.000000	-133.968750	-450.786133	-499.936523
2157.853007	0.000000	-228.195312	-93.788086	-71.269531	1.000000	-136.497070	19.051758	-16.654297	2.000000	-51.661133	-37.433594	10.087891	3.000000	-134.750000	-454.008789	-533.920898
2157.871430	0.000000	-236.398437	-93.397461	-77.226562	1.000000	-137.180664	21.590820	-17.435547	2.000000	-53.028320	-38.410156	9.697266	3.000000	-132.406250	-456.352539	-569.858398
2157.890972	0.000000	-247.335937	-93.299805	-85.332031	1.000000	-139.133789	24.813477	-18.216797	2.000000	-56.153320	-40.265625	9.501953	3.000000	-126.253906	-457.719727	-612.436523
2157.909362	0.000000	-259.542969	-93.592773	-94.511719	1.000000	-141.770508	27.840820	-18.900391	2.000000	-59.083008	-42.023437	9.013672	3.000000	-115.316406	-457.817383	-656.870117
2157.928892	0.000000	-273.898437	-93.885742	-106.425781	1.000000	-144.211914	31.844727	-20.560547	2.000000	-62.598633	-44.074219	8.134766	3.000000	-99.398437	-454.497070	-708.920898
2157.949455	0.000000	-292.453125	-93.690430	-122.636719	1.000000	-147.727539	36.239258	-22.708984	2.000000	-66.504883	-47.394531	6.962891	3.000000	-75.179687	-446.879883	-767.221680
2157.969000	0.000000	-311.789062	-92.713867	-141.386719	1.000000	-151.438477	41.805664	-25.052734	2.000000	-71.973633	-50.617187	5.400391	3.000000	-43.539062	-433.598633	-824.155273
2157.987382	0.000000	-332.589844	-91.444336	-163.066406	1.000000	-155.540039	47.176758	-27.298828	2.000000	-77.637695	-54.328125	3.544922	3.000000	-6.332031	-415.239258	-876.987305
2158.006919	0.000000	-356.515625	-88.905273	-190.214844	1.000000	-159.446289	54.208008	-30.326172	2.000000	-84.180664	-58.722656	1.103516	3.000000	42.691406	-387.797852	-927.670898
2158.027532	0.000000	-384.640625	-84.413086	-224.980469	1.000000	-164.036133	62.215820	-33.841797	2.000000	-91.700195	-64.386719	-1.630859	3.000000	103.726562	-350.590820	-972.006836
2158.047036	0.000000	-412.765625	-77.870117	-265.507812	1.000000	-168.528320	70.809570	-37.455078	2.000000	-101.075195	-70.539062	-5.830078	3.000000	170.132812	-306.743164	-999.838867
2158.065418	0.000000	-440.597656	-68.788086	-310.332031	1.000000	-172.239258	79.598633	-41.947266	2.000000	-110.157227	-77.570312	-10.224609	3.000000	235.269531	-258.110352	-1010.288086
2158.085091	0.000000	-440.597656	-68.788086	-310.332031	1.000000	-176.438477	90.633789	-46.634766	2.000000	-121.778320	-86.457031	-17.158203	3.000000	307.339844	-200.297852	-1001.401367
2158.104817	0.000000	-499.289062	-34.510742	-433.085937	1.000000	-178.879883	102.059570	-51.322266	2.000000	-134.668945	-96.320312	-25.263672	3.000000	375.894531	-139.458008	-968.979492
2158.124460	0.000000	-523.214844	-7.655273	-507.500000	1.000000	-181.125977	115.047852	-56.107422	2.000000	-149.219727	-107.843750	-35.712891	3.000000	435.074219	-79.399414	-914.487305
2158.144483	0.000000	-541.183594	27.305664	-592.167969	1.000000	-180.833008	128.915039	-60.697266	2.000000	-166.016602	-121.808594	-49.287109	3.000000	482.828125	-22.758789	-838.901367
2158.163425	0.000000	-541.183594	27.305664	-592.167969	1.000000	-180.344727	142.000977	-65.482422	2.000000	-184.180664	-136.652344	-65.986328	3.000000	513.101562	23.627930	-752.866211
2158.183112	0.000000	-540.402344	119.493164	-770.781250	1.000000	-177.219727	156.454102	-70.267578	2.000000	-203.907227	-155.011719	-87.177734	3.000000	528.531250	63.276367	-656.088867
2158.202812	0.000000	-515.402344	178.575195	-860.234375	1.000000	-172.239258	170.321289	-74.369141	2.000000	-226.270508	-175.617187	-114.716797	3.000000	527.847656	92.866211	-556.870117
2158.223578	0.000000	-515.402344	178.575195	-860.234375	1.000000	-164.133789	184.676758	-77.005859	2.000000	-250.489258	-200.031250	-151.044922	3.000000	512.027344	114.252930	-456.479492
2158.244475	0.000000	-392.843750	318.028320	-1004.765625	1.000000	-153.782227	197.274414	-78.861328	2.000000	-275.391602	-227.667969	-196.357422	3.000000	484.195312	125.385742	-364.194336
2158.264504	0.000000	-302.218750	381.993164	-1038.750000	1.000000	-141.379883	208.114258	-79.642578	2.000000	-297.657227	-256.574219	-249.287109	3.000000	449.820312	129.096680	-287.241211
2158.285566	0.000000	-191.867187	439.219727	-1042.363281	1.000000	-126.536133	217.196289	-78.763672	2.000000	-318.555664	-289.093750	-316.669922	3.000000	409.195312	126.557617	-218.100586
2158.305069	0.000000	-84.054687	479.649414	-1015.703125	1.000000	-110.911133	223.250977	-77.103516	2.000000	-332.813477	-320.343750	-389.716797	3.000000	370.718750	120.600586	-164.975586
2158.323432	0.000000	15.847656	503.868164	-966.386719	1.000000	-95.579102	226.668945	-74.564453	2.000000	-337.793945	-348.664062	-466.962891	3.000000	334.683594	113.178711	-123.959961
2158.342955	0.000000	111.453125	514.317383	-893.339844	1.000000	-79.075195	227.840820	-70.560547	2.000000	-333.594727	-376.496094	-556.513672	3.000000	298.746094	104.096680	-89.194336
2158.363526	0.000000	195.730469	509.532227	-801.250000	1.000000	-61.985352	226.473633	-65.091797	2.000000	-313.575195	-401.789062	-655.537109	3.000000	263.687500	94.624023	-60.483398
2158.383036	0.000000	257.546875	492.540039	-707.304687	1.000000	-46.458008	222.665039	-59.134766	2.000000	-279.883789	-418.781250	-749.189453	3.000000	233.511719	85.249023	-39.584961
2158.401441	0.000000	299.148437	467.637695	-618.437500	1.000000	-32.395508	217.977539	-53.666016	2.000000	-232.520508	-427.570312	-831.513672	3.000000	208.316406	77.143555	-23.666992
2158.420957	0.000000	326.980469	435.411133	-529.082031	1.000000	-18.918945	211.239258	-47.708984	2.000000	-166.504883	-428.742187	-906.806641	3.000000	184.585937	68.647461	-11.459961
2158.441545	0.000000	341.531250	398.008789	-442.753906	1.000000	-6.711914	203.231445	-41.263672	2.000000	-83.887695	-420.246094	-967.353516	3.000000	162.125000	60.737305	-1.401367
2158.461017	0.000000	344.656250	361.875977	-370.585937	1.000000	4.518555	194.540039	-35.599609	2.000000	2.147461	-403.644531	-1002.705078	3.000000	144.058594	54.389648	5.629883
2158.479402	0.000000	340.164062	329.258789	-312.285156	1.000000	12.916992	185.750977	-30.326172	2.000000	84.276367	-381.867187	-1015.986328	3.000000	129.605469	48.823242	10.610352
2158.498970	0.000000	329.519531	296.055664	-258.769531	1.000000	20.924805	176.668945	-24.564453	2.000000	168.944336	-353.644531	-1008.662109	3.000000	116.226562	43.647461	14.809570
2158.519546	0.000000	315.261719	264.415039	-211.796875	1.000000	27.858398	167.391602	-19.583984	2.000000	249.413086	-321.515625	-981.025391	3.000000	104.117187	38.764648	17.739258
2158.539025	0.000000	300.222656	237.364258	-174.980469	1.000000	33.424805	158.602539	-15.482422	2.000000	314.842773	-290.558594	-938.935547	3.000000	94.351562	34.760742	19.594727
2158.557407	0.000000	285.867187	214.903320	-146.367187	1.000000	37.135742	151.083008	-11.771484	2.000000	364.940430	-262.921875	-889.033203	3.000000	85.660156	31.342773	20.375977
2158.576922	0.000000	270.535156	193.321289	-121.660156	1.000000	40.944336	143.856445	-8.158203	2.000000	405.174805	-236.261719	-830.634766	3.000000	78.628906	27.729492	21.840820
2158.597492	0.000000	255.984375	174.083008	-100.078125	1.000000	44.069336	137.020508	-5.423828	2.000000	435.838867	-211.359375	-767.353516	3.000000	72.085937	25.092773	22.524414
2158.617020	0.000000	242.800781	158.165039	-84.062500	1.000000	46.706055	130.575195	-2.884766	2.000000	454.393555	-191.437500	-707.783203	3.000000	66.714844	23.041992	23.110352
2158.635411	0.000000	231.667969	144.981445	-71.757812	1.000000	48.463867	125.594727	-1.029297	2.000000	464.159180	-175.031250	-655.439453	3.000000	62.515625	21.284180	23.110352
2158.654957	0.000000	221.121094	133.360352	-60.820312	1.000000	50.514648	120.809570	0.826172	2.000000	468.651367	-161.261719	-602.998047	3.000000	58.804687	19.624023	23.305664
2158.675565	0.000000	211.550781	122.618164	-51.835937	1.000000	51.881836	117.000977	2.291016	2.000000	468.163086	-150.324219	-553.486328	3.000000	54.898437	17.963867	23.598633
2158.695090	0.000000	204.324219	114.219727	-44.902344	1.000000	54.030273	113.973633	3.365234	2.000000	464.842773	-142.902344	-511.982422	3.000000	52.652344	16.596680	23.305664
2158.713514	0.000000	198.757812	107.286133	-40.117187	1.000000	55.104492	111.727539	3.853516	2.000000	459.178711	-138.800781	-478.095703	3.000000	50.796875	15.717773	23.696289
2158.733016	0.000000	194.265625	101.133789	-36.113281	1.000000	57.057617	110.165039	3.853516	2.000000	452.342773	-136.847656	-447.236328	3.000000	49.039062	14.936523	23.305664
2158.751432	0.000000	191.140625	96.543945	-33.769531	1.000000	58.913086	109.286133	4.244141	2.000000	445.213867	-136.261719	-422.041016	3.000000	47.574219	13.862305	23.696289
2158.771040	0.000000	188.992187	92.344727	-31.718750	1.000000	60.084961	108.993164	3.755859	2.000000	437.401367	-137.433594	-400.263672	3.000000	46.500000	13.374023	23.305664
2158.789454	0.000000	188.601562	89.219727	-30.644531	1.000000	61.842773	109.676758	3.462891	2.000000	430.467773	-140.070312	-383.271484	3.000000	45.914062	12.983398	23.598633
2158.809027	0.000000	188.894531	86.485352	-30.351562	1.000000	63.795898	111.043945	2.583984	2.000000	423.143555	-145.343750	-368.916016	3.000000	45.328125	12.495117	23.500977
2158.827457	0.000000	190.945312	84.434570	-31.230469	1.000000	66.725586	113.192383	1.509766	2.000000	416.698242	-152.082031	-358.662109	3.000000	46.109375	11.909180	23.403320
2158.847003	0.000000	194.167969	82.872070	-32.695312	1.000000	69.069336	115.926758	-0.248047	2.000000	409.862305	-160.968750	-349.970703	3.000000	45.914062	11.616211	23.208008
2158.865442	0.000000	198.562500	82.090820	-35.234375	1.000000	72.096680	119.930664	-2.591797	2.000000	403.709961	-170.734375	-344.501953	3.000000	46.890625	11.225586	23.305664
2158.884990	0.000000	204.812500	81.407227	-38.750000	1.000000	75.709961	124.813477	-5.326172	2.000000	397.166992	-182.550781	-341.279297	3.000000	47.769531	10.932617	23.012695
2158.903440	0.000000	211.843750	81.602539	-43.535156	1.000000	79.030273	130.575195	-8.548828	2.000000	390.331055	-195.441406	-340.400391	3.000000	49.234375	11.127930	23.208008
2158.923052	0.000000	221.804687	82.090820	-49.882812	1.000000	83.131836	138.094727	-12.845703	2.000000	382.909180	-210.871094	-341.376953	3.000000	50.601562	11.030273	23.305664
2158.941457	0.000000	232.156250	82.676758	-57.402344	1.000000	87.233398	146.590820	-17.728516	2.000000	374.510742	-227.082031	-343.232422	3.000000	52.750000	10.932617	23.305664
2158.960994	0.000000	245.730469	83.262695	-66.386719	1.000000	92.995117	156.844727	-23.978516	2.000000	364.842773	-246.222656	-345.576172	3.000000	55.679687	10.834961	23.305664
2158.979415	0.000000	259.988281	83.946289	-77.519531	1.000000	97.975586	168.270508	-31.888672	2.000000	353.221680	-265.265625	-348.310547	3.000000	58.707031	10.737305	23.208008
2158.998947	0.000000	277.566406	84.629883	-91.972656	1.000000	104.225586	182.040039	-41.166016	2.000000	339.256836	-286.164062	-350.947266	3.000000	62.027344	10.444336	23.208008
2159.019524	0.000000	298.562500	85.020508	-111.113281	1.000000	110.573242	198.934570	-53.861328	2.000000	320.311523	-309.015625	-353.583984	3.000000	66.324219	10.541992	22.817383
2159.039021	0.000000	321.023437	85.118164	-132.988281	1.000000	116.725586	217.391602	-68.412109	2.000000	300.291992	-330.597656	-355.048828	3.000000	71.207031	10.346680	22.622070
2159.057402	0.000000	344.460937	84.043945	-157.988281	1.000000	121.608398	237.508789	-84.818359	2.000000	277.342773	-349.933594	-354.658203	3.000000	76.675781	9.858398	21.840820
2159.076939	0.000000	372.097656	81.797852	-190.507812	1.000000	126.198242	261.043945	-105.521484	2.000000	250.389648	-369.074219	-351.337891	3.000000	83.023437	9.663086	21.645508
2159.097545	0.000000	402.078125	76.719727	-230.742187	1.000000	130.104492	288.778320	-132.376953	2.000000	218.065430	-386.554687	-344.111328	3.000000	91.031250	8.686523	20.278320
2159.117060	0.000000	431.570312	69.102539	-276.445312	1.000000	131.374023	317.293945	-162.455078	2.000000	185.448242	-398.664062	-333.466797	3.000000	99.820312	7.514648	18.520508
2159.135520	0.000000	458.816406	58.262695	-328.398437	1.000000	129.811523	346.200195	-195.560547	2.000000	152.733398	-406.183594	-320.380859	3.000000	108.902344	6.342773	16.274414
2159.157558	0.000000	489.675781	39.317383	-399.980469	1.000000	121.999023	382.137695	-241.068359	2.000000	112.791992	-409.015625	-300.263672	3.000000	121.402344	4.389648	13.442383
2159.179622	0.000000	489.675781	39.317383	-399.980469	1.000000	106.081055	417.977539	-292.240234	2.000000	73.436523	-405.304687	-277.314453	3.000000	135.855469	1.166992	8.852539
2159.200523	0.000000	526.296875	-20.643555	-569.023437	1.000000	81.959961	449.227539	-344.974609	2.000000	38.768555	-395.441406	-252.216797	3.000000	151.187500	-2.836914	3.579102
2159.219388	0.000000	526.296875	-20.643555	-569.023437	1.000000	50.709961	473.153320	-394.583984	2.000000	10.252930	-381.378906	-227.802734	3.000000	166.324219	-7.719727	-1.694336
2159.239082	0.000000	526.296875	-20.643555	-569.023437	1.000000	8.620117	491.512695	-445.560547	2.000000	-15.723633	-362.824219	-201.435547	3.000000	184.292969	-13.872070	-10.092773
2159.257596	0.000000	477.566406	-157.264648	-812.675781	1.000000	-39.622070	499.813477	-489.701172	2.000000	-37.012695	-342.218750	-176.728516	3.000000	201.382812	-21.879883	-18.979492
2159.278480	0.000000	421.023437	-218.788086	-886.210937	1.000000	-101.829102	497.762695	-530.423828	2.000000	-55.762695	-316.632812	-149.970703	3.000000	222.964844	-32.915039	-31.870117
2159.297356	0.000000	421.023437	-218.788086	-886.210937	1.000000	-162.668945	484.090820	-556.205078	2.000000	-68.848633	-292.511719	-127.412109	3.000000	243.472656	-45.024414	-46.127930
2159.317037	0.000000	263.503906	-329.432617	-963.945312	1.000000	-226.243164	458.211914	-567.533203	2.000000	-78.321289	-267.121094	-106.318359	3.000000	264.566406	-61.040039	-63.120117
2159.335453	0.000000	173.074219	-373.670898	-967.460937	1.000000	-282.590820	425.106445	-564.798828	2.000000	-84.766602	-243.683594	-88.154297	3.000000	283.121094	-78.227539	-82.065430
2159.354991	0.000000	74.246094	-410.584961	-945.390625	1.000000	-333.958008	382.430664	-547.806641	2.000000	-88.282227	-219.757812	-70.966797	3.000000	302.359375	-99.711914	-104.135742
2159.373384	0.000000	-14.914062	-433.827148	-903.789062	1.000000	-372.629883	338.290039	-519.779297	2.000000	-89.747070	-198.566406	-57.294922	3.000000	318.179687	-123.344727	-128.061523
2159.392909	0.000000	-99.875000	-445.252930	-841.093750	1.000000	-401.340820	290.340820	-480.423828	2.000000	-89.454102	-177.960937	-44.208984	3.000000	332.046875	-151.274414	-155.209961
2159.413460	0.000000	-174.875000	-444.374023	-762.285156	1.000000	-417.747070	241.317383	-432.083984	2.000000	-87.793945	-158.234375	-32.880859	3.000000	341.617187	-183.208008	-185.874023
2159.432994	0.000000	-229.660156	-432.557617	-681.328125	1.000000	-420.481445	198.836914	-382.962891	2.000000	-85.352539	-141.339844	-23.798828	3.000000	345.718750	-216.118164	-215.952148
2159.451373	0.000000	-267.160156	-414.002930	-605.058594	1.000000	-415.012695	163.583008	-337.162109	2.000000	-82.520508	-127.277344	-17.353516	3.000000	344.156250	-247.954102	-244.565430
2159.470884	0.000000	-294.113281	-389.100586	-526.933594	1.000000	-401.633789	131.258789	-290.580078	2.000000	-79.004883	-114.289062	-11.396484	3.000000	335.562500	-281.254883	-273.471680
2159.491452	0.000000	-309.347656	-360.096680	-450.078125	1.000000	-382.102539	102.938477	-245.755859	2.000000	-75.391602	-101.593750	-6.025391	3.000000	320.230469	-315.922852	-301.791992
2159.510974	0.000000	-314.132812	-331.678711	-384.746094	1.000000	-360.227539	81.063477	-208.255859	2.000000	-71.290039	-91.339844	-1.630859	3.000000	299.625000	-346.684570	-325.034180
2159.530531	0.000000	-311.886719	-303.358398	-327.714844	1.000000	-337.864258	63.387695	-175.638672	2.000000	-67.676758	-82.941406	1.396484	3.000000	273.160156	-374.223633	-344.760742
2159.551555	0.000000	-304.660156	-274.940430	-275.273437	1.000000	-312.668945	48.934570	-145.755859	2.000000	-64.063477	-74.250000	4.033203	3.000000	241.128906	-399.614258	-360.971680
2159.571029	0.000000	-295.871094	-250.428711	-234.257812	1.000000	-290.403320	38.387695	-122.513672	2.000000	-60.840820	-67.804687	5.986328	3.000000	208.609375	-418.657227	-372.983398
2159.589445	0.000000	-285.617187	-229.237305	-202.128906	1.000000	-270.774414	30.965820	-103.568359	2.000000	-58.106445	-62.238281	7.255859	3.000000	176.773437	-433.012695	-380.014648
2159.608976	0.000000	-274.875000	-209.217773	-172.929687	1.000000	-251.829102	24.520508	-86.966797	2.000000	-55.274414	-57.257812	8.720703	3.000000	142.496094	-444.047852	-384.995117
2159.629555	0.000000	-262.667969	-190.174805	-147.050781	1.000000	-232.981445	19.344727	-72.611328	2.000000	-52.540039	-53.156250	9.794922	3.000000	108.023437	-451.567383	-386.459961
2159.649031	0.000000	-251.632812	-174.842773	-127.714844	1.000000	-217.258789	15.731445	-61.576172	2.000000	-51.075195	-49.445312	10.380859	3.000000	76.675781	-455.375977	-386.459961
2159.667411	0.000000	-242.257812	-162.342773	-112.578125	1.000000	-203.684570	13.485352	-52.591797	2.000000	-49.024414	-46.417969	11.162109	3.000000	49.234375	-456.840820	-384.799805
2159.686920	0.000000	-233.371094	-150.526367	-99.394531	1.000000	-191.965820	11.434570	-45.169922	2.000000	-47.754883	-43.878906	11.455078	3.000000	22.574219	-456.450195	-382.749023
2159.707519	0.000000	-225.265625	-139.491211	-87.675781	1.000000	-180.540039	9.969727	-38.138672	2.000000	-46.290039	-41.242187	11.357422	3.000000	-3.402344	-454.497070	-381.479492
2159.727125	0.000000	-218.625000	-130.897461	-78.691406	1.000000	-171.262695	9.383789	-33.353516	2.000000	-45.508789	-39.777344	12.138672	3.000000	-25.570312	-451.762695	-380.991211
2159.745531	0.000000	-213.644531	-123.670898	-72.343750	1.000000	-163.450195	9.090820	-28.763672	2.000000	-44.727539	-38.312500	12.138672	3.000000	-44.320312	-449.614258	-381.284180
2159.765050	0.000000	-209.542969	-117.323242	-66.972656	1.000000	-156.418945	8.700195	-25.736328	2.000000	-44.336914	-36.847656	12.041016	3.000000	-61.507812	-447.172852	-383.139648
2159.783456	0.000000	-205.832031	-112.440430	-62.968750	1.000000	-150.950195	8.895508	-23.099609	2.000000	-44.141602	-35.968750	12.041016	3.000000	-75.863281	-444.926758	-386.850586
2159.802995	0.000000	-203.976562	-107.948242	-60.332031	1.000000	-146.262695	9.383789	-21.048828	2.000000	-44.141602	-35.382812	11.650391	3.000000	-89.437500	-443.559570	-393.393555
2159.821413	0.000000	-203.683594	-104.530273	-58.769531	1.000000	-142.551758	9.872070	-19.388672	2.000000	-44.532227	-34.796875	11.845703	3.000000	-100.570312	-442.875977	-401.303711
2159.840964	0.000000	-203.781250	-101.209961	-57.988281	1.000000	-140.012695	11.043945	-18.021484	2.000000	-44.727539	-34.601562	11.943359	3.000000	-111.019531	-442.875977	-413.803711
2159.861565	0.000000	-206.125000	-98.475586	-58.281250	1.000000	-137.278320	12.118164	-16.849609	2.000000	-45.215820	-34.503906	11.845703	3.000000	-120.296875	-443.657227	-430.405273
2159.883461	0.000000	-210.226562	-96.424805	-59.843750	1.000000	-136.106445	13.680664	-16.361328	2.000000	-46.680664	-34.796875	11.748047	3.000000	-128.109375	-446.098633	-453.256836
2159.903007	0.000000	-215.207031	-95.155273	-62.578125	1.000000	-135.422852	15.340820	-16.458984	2.000000	-47.754883	-35.578125	11.455078	3.000000	-132.699219	-448.637695	-478.159180
2159.921419	0.000000	-220.968750	-94.569336	-66.191406	1.000000	-135.715820	17.098633	-16.263672	2.000000	-48.926758	-36.164062	10.966797	3.000000	-134.847656	-451.567383	-505.112305
2159.940978	0.000000	-228.585937	-93.885742	-71.269531	1.000000	-136.594727	19.442383	-16.654297	2.000000	-50.977539	-37.140625	10.771484	3.000000	-135.140625	-455.180664	-538.608398
2159.959364	0.000000	-237.082031	-93.690430	-77.324219	1.000000	-137.766602	21.883789	-17.240234	2.000000	-53.614258	-38.703125	10.283203	3.000000	-132.210937	-457.036133	-574.545898
2159.978958	0.000000	-248.507812	-93.885742	-85.722656	1.000000	-139.817383	24.618164	-18.021484	2.000000	-55.958008	-40.167969	9.892578	3.000000	-125.082031	-458.208008	-618.784180
2159.999588	0.000000	-262.863281	-93.885742	-96.757812	1.000000	-142.454102	28.426758	-19.681641	2.000000	-59.278320	-42.316406	9.013672	3.000000	-113.070312	-457.426758	-671.127930
2160.021463	0.000000	-280.636719	-93.690430	-111.601562	1.000000	-145.579102	33.016602	-21.537109	2.000000	-63.282227	-45.246094	7.939453	3.000000	-92.074219	-452.641602	-730.795898
2160.040975	0.000000	-298.312500	-93.592773	-127.812500	1.000000	-148.899414	37.997070	-23.587891	2.000000	-68.262695	-47.980469	6.962891	3.000000	-66.292969	-443.657227	-786.557617
2160.061541	0.000000	-319.699219	-92.811523	-148.906250	1.000000	-153.098633	43.563477	-26.419922	2.000000	-73.243164	-51.886719	5.302734	3.000000	-29.574219	-427.543945	-845.249023
2160.081026	0.000000	-342.453125	-91.151367	-173.515625	1.000000	-157.688477	50.106445	-28.958984	2.000000	-79.200195	-55.890625	3.349609	3.000000	14.273437	-405.571289	-899.057617
2160.099413	0.000000	-365.988281	-88.319336	-201.250000	1.000000	-161.497070	56.454102	-31.888672	2.000000	-86.133789	-60.675781	0.908203	3.000000	63.785156	-376.958008	-944.077148
2160.118978	0.000000	-393.429687	-83.534180	-237.089844	1.000000	-165.891602	64.559570	-35.599609	2.000000	-94.239258	-66.242187	-2.607422	3.000000	124.039062	-338.090820	-982.651367
2160.139574	0.000000	-423.996094	-75.135742	-282.500000	1.000000	-170.579102	74.325195	-39.701172	2.000000	-103.907227	-73.175781	-7.001953	3.000000	195.914062	-288.188477	-1006.381836
2160.161541	0.000000	-457.785156	-61.756836	-340.507812	1.000000	-174.875977	85.750977	-44.876953	2.000000	-115.723633	-82.355469	-13.154297	3.000000	276.480469	-226.567383	-1008.041992
2160.183571	0.000000	-490.011719	-42.713867	-410.527344	1.000000	-178.391602	98.153320	-50.345703	2.000000	-129.688477	-92.902344	-21.748047	3.000000	354.507812	-160.649414	-981.381836
2160.205619	0.000000	-518.820312	-15.565430	-491.484375	1.000000	-180.637695	112.215820	-56.205078	2.000000	-145.899414	-105.304687	-32.685547	3.000000	424.625000	-93.754883	-926.108398
2160.226487	0.000000	-539.132812	19.102539	-578.984375	1.000000	-182.297852	126.278320	-61.283203	2.000000	-162.989258	-119.464844	-46.162109	3.000000	476.871094	-34.086914	-850.717773
2160.245363	0.000000	-539.132812	19.102539	-578.984375	1.000000	-181.418945	140.243164	-66.263672	2.000000	-180.372070	-134.503906	-62.177734	3.000000	509.976562	13.959961	-767.319336
2160.265104	0.000000	-543.039062	108.946289	-757.207031	1.000000	-178.684570	154.208008	-70.560547	2.000000	-200.489258	-152.179687	-82.783203	3.000000	527.847656	55.756836	-671.420898
2160.284497	0.000000	-521.554687	166.172852	-845.488281	1.000000	-173.801758	167.977539	-74.759766	2.000000	-222.071289	-172.003906	-108.564453	3.000000	529.800781	87.006836	-573.764648
2160.304544	0.000000	-478.488281	230.723633	-928.300781	1.000000	-166.770508	181.747070	-77.982422	2.000000	-245.411133	-195.148437	-141.767578	3.000000	516.812500	108.784180	-476.303711
2160.323390	0.000000	-416.867187	293.907227	-990.898437	1.000000	-157.981445	194.149414	-80.228516	2.000000	-267.481445	-219.464844	-180.048828	3.000000	494.253906	121.186523	-390.756836
2160.343069	0.000000	-416.867187	293.907227	-990.898437	1.000000	-146.555664	205.379883	-81.888672	2.000000	-289.649414	-247.394531	-229.169922	3.000000	462.222656	126.459961	-310.971680
2160.361576	0.000000	-240.597656	412.266602	-1049.199219	1.000000	-134.055664	214.559570	-81.595703	2.000000	-308.985352	-275.812500	-283.955078	3.000000	427.945312	126.166992	-245.834961
2160.381074	0.000000	-134.347656	459.141602	-1036.113281	1.000000	-119.309570	221.883789	-79.837891	2.000000	-325.586914	-306.769531	-352.314453	3.000000	389.566406	121.772461	-188.413086
2160.399498	0.000000	-32.101562	490.879883	-997.441406	1.000000	-104.465820	226.278320	-77.787109	2.000000	-335.352539	-335.480469	-425.458984	3.000000	352.847656	115.717773	-143.295898
2160.419056	0.000000	69.363281	508.946289	-933.574219	1.000000	-88.059570	228.426758	-74.466797	2.000000	-335.938477	-365.265625	-511.298828	3.000000	315.445312	107.416992	-104.331055
2160.437410	0.000000	152.957031	512.071289	-857.695312	1.000000	-72.629883	228.719727	-70.658203	2.000000	-326.368164	-390.265625	-597.724609	3.000000	283.316406	98.627930	-75.229492
2160.456919	0.000000	226.296875	501.622070	-766.972656	1.000000	-56.711914	226.473633	-65.287109	2.000000	-300.489258	-411.554687	-691.572266	3.000000	251.089844	89.545898	-51.206055
2160.477501	0.000000	282.839844	478.575195	-666.972656	1.000000	-39.622070	222.469727	-58.841797	2.000000	-255.567383	-427.082031	-786.787109	3.000000	220.914062	80.073242	-31.088867
2160.497015	0.000000	318.582031	448.985352	-574.785156	1.000000	-25.168945	216.219727	-52.982422	2.000000	-197.266602	-433.039062	-868.037109	3.000000	195.718750	71.870117	-17.124023
2160.515399	0.000000	338.308594	416.954102	-493.339844	1.000000	-12.864258	209.286133	-47.025391	2.000000	-129.395508	-430.011719	-931.220703	3.000000	175.015625	64.155273	-6.674805
2160.534964	0.000000	346.707031	381.309570	-415.410156	1.000000	-1.145508	201.083008	-41.263672	2.000000	-47.266602	-418.000000	-980.048828	3.000000	154.898437	57.612305	1.918945
2160.555528	0.000000	345.242187	344.200195	-343.925781	1.000000	9.401367	191.708008	-34.720703	2.000000	43.651367	-397.394531	-1007.392578	3.000000	137.222656	50.874023	8.852539
2160.575010	0.000000	337.429687	310.313477	-285.820312	1.000000	17.213867	182.333008	-29.154297	2.000000	129.588867	-371.613281	-1009.833984	3.000000	122.574219	45.502930	12.758789
2160.593405	0.000000	326.101562	280.625977	-238.945312	1.000000	24.538086	173.934570	-24.271484	2.000000	205.663086	-344.269531	-992.841797	3.000000	110.562500	40.913086	16.274414
2160.612900	0.000000	311.746094	251.719727	-198.320312	1.000000	30.592773	165.731445	-19.486328	2.000000	277.928711	-314.386719	-958.564453	3.000000	99.625000	36.323242	18.422852
2160.633457	0.000000	295.828125	224.668945	-162.773437	1.000000	36.159180	156.258789	-15.091797	2.000000	340.526367	-282.746094	-909.248047	3.000000	90.250000	32.221680	20.473633
2160.652982	0.000000	280.105469	202.403320	-135.039062	1.000000	39.870117	148.446289	-11.673828	2.000000	386.327148	-254.718750	-854.462891	3.000000	81.851562	29.291992	21.645508
2160.671372	0.000000	265.652344	183.653320	-113.457031	1.000000	43.190430	142.000977	-8.548828	2.000000	418.846680	-230.011719	-799.287109	3.000000	75.992187	26.557617	22.231445
2160.690893	0.000000	251.296875	166.563477	-94.804687	1.000000	46.022461	135.262695	-5.521484	2.000000	443.260742	-207.453125	-739.228516	3.000000	69.937500	23.920898	22.817383
2160.711469	0.000000	238.503906	150.645508	-78.984375	1.000000	48.659180	129.110352	-3.275391	2.000000	458.788086	-187.335937	-678.193359	3.000000	64.664062	21.772461	23.305664
2160.730981	0.000000	227.078125	137.950195	-66.875000	1.000000	50.124023	124.325195	-1.224609	2.000000	466.112305	-172.589844	-624.287109	3.000000	60.757812	20.014648	23.598633
2160.749432	0.000000	218.679687	127.403320	-57.792969	1.000000	52.467773	120.125977	0.240234	2.000000	467.870117	-161.554687	-577.412109	3.000000	57.144531	18.159180	23.598633
2160.768966	0.000000	210.281250	118.321289	-50.175781	1.000000	53.834961	116.805664	1.314453	2.000000	465.428711	-152.765625	-533.369141	3.000000	54.703125	17.084961	23.793945
2160.789603	0.000000	203.250000	110.020508	-43.828125	1.000000	55.788086	113.680664	1.900391	2.000000	460.448242	-145.734375	-492.353516	3.000000	51.773437	15.717773	23.598633
2160.811474	0.000000	197.683594	102.696289	-38.359375	1.000000	57.448242	111.629883	2.876953	2.000000	454.002930	-141.144531	-455.732422	3.000000	49.722656	14.838867	23.500977
2160.831075	0.000000	194.070312	97.422852	-35.332031	1.000000	58.522461	110.555664	3.072266	2.000000	446.092773	-139.777344	-427.900391	3.000000	48.257812	14.155273	23.403320
2160.849461	0.000000	191.531250	93.223633	-32.890625	1.000000	60.963867	109.969727	2.193359	2.000000	439.061523	-140.558594	-405.830078	3.000000	47.671875	12.983398	23.208008
2160.869025	0.000000	190.652344	89.317383	-32.011719	1.000000	62.624023	110.360352	2.193359	2.000000	431.346680	-143.781250	-386.787109	3.000000	46.304687	12.495117	22.817383
2160.887442	0.000000	190.554687	86.485352	-31.718750	1.000000	64.577148	111.629883	1.021484	2.000000	424.217773	-147.882812	-372.138672	3.000000	46.109375	12.202148	23.110352
2160.906988	0.000000	192.214844	84.532227	-31.914062	1.000000	67.409180	113.485352	-0.052734	2.000000	417.381836	-154.132812	-360.029297	3.000000	46.207031	11.713867	23.305664
2160.925420	0.000000	194.363281	82.872070	-33.378906	1.000000	69.655273	116.317383	-1.322266	2.000000	410.643555	-161.164062	-351.044922	3.000000	46.109375	11.030273	23.110352
2160.945012	0.000000	198.953125	81.700195	-35.429687	1.000000	72.780273	119.930664	-2.982422	2.000000	404.100586	-170.636719	-344.794922	3.000000	46.597656	11.225586	23.403320
2160.963417	0.000000	204.226562	81.211914	-38.457031	1.000000	75.709961	124.129883	-5.423828	2.000000	397.948242	-181.476562	-341.376953	3.000000	47.867187	11.030273	23.208008
2160.982969	0.000000	211.550781	80.723633	-42.851562	1.000000	79.127930	130.086914	-8.939453	2.000000	390.819336	-194.562500	-339.326172	3.000000	48.941406	10.639648	23.500977
2161.003591	0.000000	221.218750	80.918945	-49.199219	1.000000	83.913086	137.606445	-13.529297	2.000000	382.713867	-210.773437	-339.228516	3.000000	50.601562	10.834961	23.305664
2161.025443	0.000000	233.328125	81.407227	-57.890625	1.000000	89.284180	147.176758	-18.998047	2.000000	373.338867	-229.523437	-340.693359	3.000000	53.140625	10.541992	23.305664
2161.044981	0.000000	246.707031	81.993164	-67.265625	1.000000	94.655273	157.333008	-25.931641	2.000000	362.987305	-248.078125	-343.134766	3.000000	55.484375	10.541992	23.110352
2161.065569	0.000000	262.917969	82.676758	-80.058594	1.000000	99.733398	169.833008	-34.037109	2.000000	350.389648	-268.683594	-346.064453	3.000000	58.707031	10.444336	23.305664
2161.085096	0.000000	280.691406	83.458008	-94.707031	1.000000	105.885742	184.188477	-44.193359	2.000000	335.936523	-289.679687	-349.482422	3.000000	62.417969	10.249023	23.208008
2161.103486	0.000000	299.343750	83.848633	-111.796875	1.000000	111.256836	199.520508	-55.814453	2.000000	318.944336	-309.894531	-351.923828	3.000000	65.933594	9.956055	22.622070
2161.122999	0.000000	321.609375	83.750977	-133.476562	1.000000	117.604492	218.075195	-69.974609	2.000000	298.436523	-331.183594	-352.216797	3.000000	71.304687	10.053711	22.719727
2161.141402	0.000000	345.046875	82.579102	-158.183594	1.000000	123.073242	237.704102	-86.478516	2.000000	276.073242	-350.519531	-351.337891	3.000000	76.480469	9.272461	22.036133
2161.160936	0.000000	372.097656	79.747070	-190.117187	1.000000	127.858398	261.532227	-107.669922	2.000000	249.706055	-369.074219	-347.724609	3.000000	83.414062	8.979492	20.961914
2161.181546	0.000000	402.566406	74.668945	-230.742187	1.000000	131.862305	288.875977	-134.623047	2.000000	217.381836	-385.773437	-340.693359	3.000000	90.738281	8.393555	20.180664
2161.201035	0.000000	431.863281	66.954102	-276.835937	1.000000	132.545898	317.684570	-164.896484	2.000000	184.862305	-398.175781	-330.732422	3.000000	100.308594	6.928711	18.227539
2161.219519	0.000000	459.207031	56.407227	-328.496094	1.000000	130.690430	346.102539	-197.806641	2.000000	152.635742	-405.695312	-318.330078	3.000000	109.000000	6.049805	16.958008
2161.241578	0.000000	489.187500	37.950195	-399.882812	1.000000	122.877930	382.333008	-243.216797	2.000000	112.694336	-408.625000	-299.189453	3.000000	121.109375	4.194336	13.344727
2161.262450	0.000000	512.136719	12.559570	-476.738281	1.000000	108.131836	415.829102	-291.849609	2.000000	75.780273	-405.109375	-276.630859	3.000000	134.878906	0.776367	9.536133
2161.282480	0.000000	525.222656	-19.374023	-558.574219	1.000000	85.280273	445.907227	-342.533203	2.000000	42.967773	-396.125000	-252.900391	3.000000	149.527344	-3.032227	4.946289
2161.302510	0.000000	525.710937	-59.315430	-645.195312	1.000000	53.249023	471.688477	-395.560547	2.000000	11.717773	-381.574219	-227.314453	3.000000	165.640625	-8.208008	-1.499023
2161.321384	0.000000	525.710937	-59.315430	-645.195312	1.000000	13.307617	489.461914	-444.291016	2.000000	-13.379883	-363.996094	-202.607422	3.000000	182.046875	-14.262695	-9.018555
2161.341107	0.000000	525.710937	-59.315430	-645.195312	1.000000	-37.473633	499.129883	-490.580078	2.000000	-36.133789	-342.511719	-177.021484	3.000000	200.699219	-21.977539	-18.588867
2161.360845	0.000000	426.394531	-214.588867	-879.863281	1.000000	-96.165039	497.665039	-529.056641	2.000000	-54.395508	-318.683594	-151.630859	3.000000	220.718750	-32.133789	-30.600586
2161.380466	0.000000	355.886719	-272.401367	-932.207031	1.000000	-159.446289	483.895508	-555.619141	2.000000	-68.458008	-293.781250	-128.486328	3.000000	241.226562	-44.926758	-44.467773
2161.400483	0.000000	267.605469	-328.553711	-962.187500	1.000000	-224.290039	458.407227	-568.900391	2.000000	-78.223633	-268.000000	-106.416016	3.000000	262.515625	-60.844727	-62.045898
2161.421484	0.000000	164.675781	-379.237305	-964.824219	1.000000	-287.571289	420.028320	-565.970703	2.000000	-85.352539	-241.437500	-85.810547	3.000000	284.683594	-80.864258	-83.334961
2161.441026	0.000000	65.457031	-414.491211	-940.410156	1.000000	-338.547852	377.157227	-547.318359	2.000000	-88.770508	-217.414062	-68.720703	3.000000	303.824219	-102.348633	-106.088867
2161.459408	0.000000	-23.312500	-436.268555	-897.539062	1.000000	-376.438477	332.723633	-517.923828	2.000000	-89.747070	-196.613281	-55.244141	3.000000	319.644531	-126.372070	-129.916992
2161.478977	0.000000	-107.980469	-446.620117	-834.550781	1.000000	-403.489258	284.774414	-476.810547	2.000000	-89.649414	-176.300781	-42.841797	3.000000	333.414062	-154.204102	-157.651367
2161.499562	0.000000	-181.027344	-444.276367	-755.449219	1.000000	-417.942383	236.336914	-427.298828	2.000000	-87.793945	-156.671875	-31.513672	3.000000	342.300781	-186.333008	-188.999023
2161.519047	0.000000	-234.640625	-431.678711	-674.687500	1.000000	-420.676758	194.540039	-378.568359	2.000000	-85.352539	-139.875000	-23.310547	3.000000	346.304687	-219.145508	-218.686523
2161.537434	0.000000	-271.066406	-412.635742	-597.734375	1.000000	-414.133789	159.383789	-333.060547	2.000000	-82.032227	-125.812500	-16.181641	3.000000	343.472656	-251.372070	-246.909180
2161.556939	0.000000	-296.261719	-387.538086	-519.218750	1.000000	-400.168945	127.840820	-286.771484	2.000000	-78.614258	-112.824219	-10.029297	3.000000	334.781250	-285.063477	-275.229492
2161.577495	0.000000	-309.933594	-358.436523	-442.949219	1.000000	-380.637695	99.911133	-242.240234	2.000000	-74.512695	-100.421875	-4.853516	3.000000	319.058594	-319.340820	-303.256836
2161.597006	0.000000	-314.621094	-329.530273	-378.789062	1.000000	-358.372070	78.426758	-205.326172	2.000000	-71.290039	-90.753906	-1.240234	3.000000	297.085937	-349.809570	-326.596680
2161.615401	0.000000	-312.375000	-302.870117	-326.250000	1.000000	-336.985352	62.313477	-174.564453	2.000000	-66.895508	-82.453125	1.884766	3.000000	272.964844	-375.688477	-345.541992
2161.634927	0.000000	-306.320312	-276.502930	-277.617187	1.000000	-313.547852	48.641602	-146.927734	2.000000	-64.161133	-74.640625	4.423828	3.000000	243.082031	-399.028320	-361.362305
2161.655499	0.000000	-296.750000	-250.233398	-234.160156	1.000000	-290.500977	37.997070	-121.732422	2.000000	-60.645508	-68.000000	6.083984	3.000000	208.511719	-419.438477	-373.666992
2161.675006	0.000000	-285.714844	-228.065430	-199.394531	1.000000	-269.504883	29.500977	-102.005859	2.000000	-58.106445	-61.847656	7.744141	3.000000	174.234375	-433.989258	-381.186523
2161.693397	0.000000	-274.582031	-209.217773	-172.148437	1.000000	-251.047852	23.836914	-86.576172	2.000000	-55.469727	-57.257812	8.818359	3.000000	142.496094	-444.536133	-384.799805
2161.712936	0.000000	-263.351562	-191.541992	-148.027344	1.000000	-233.665039	19.051758	-72.806641	2.000000	-53.321289	-53.058594	9.990234	3.000000	109.195312	-451.860352	-386.557617
2161.733479	0.000000	-251.339844	-175.038086	-127.031250	1.000000	-217.454102	15.145508	-60.990234	2.000000	-51.075195	-49.250000	10.283203	3.000000	76.285156	-456.059570	-386.557617
2161.753068	0.000000	-241.671875	-161.366211	-111.210937	1.000000	-203.391602	12.508789	-51.615234	2.000000	-49.219727	-46.515625	11.162109	3.000000	46.890625	-457.133789	-385.678711
2161.771435	0.000000	-233.664062	-150.331055	-98.710937	1.000000	-191.672852	10.946289	-44.486328	2.000000	-47.657227	-43.585937	11.259766	3.000000	21.695312	-457.133789	-384.116211
2161.790986	0.000000	-225.363281	-139.979492	-87.871094	1.000000	-180.637695	9.774414	-38.138672	2.000000	-46.680664	-41.535156	11.748047	3.000000	-3.988281	-455.668945	-382.456055
2161.809419	0.000000	-218.722656	-131.581055	-79.179687	1.000000	-171.555664	8.700195	-33.451172	2.000000	-45.411133	-39.679687	12.138672	3.000000	-24.300781	-453.129883	-381.381836
2161.828974	0.000000	-213.644531	-124.061523	-71.660156	1.000000	-163.743164	8.211914	-28.861328	2.000000	-45.020508	-38.019531	12.431641	3.000000	-44.027344	-450.102539	-381.381836
2161.847404	0.000000	-209.542969	-117.811523	-66.777344	1.000000	-157.200195	7.918945	-25.443359	2.000000	-44.629883	-37.042969	12.431641	3.000000	-60.921875	-447.856445	-382.358398
2161.866956	0.000000	-206.515625	-112.635742	-62.773437	1.000000	-150.950195	8.407227	-22.806641	2.000000	-44.141602	-36.164062	12.333984	3.000000	-76.449219	-445.610352	-387.143555
2161.887591	0.000000	-204.660156	-107.850586	-59.941406	1.000000	-146.067383	8.700195	-20.267578	2.000000	-43.946289	-35.382812	12.236328	3.000000	-90.707031	-443.754883	-393.784180
2161.909483	0.000000	-204.269531	-103.456055	-57.695312	1.000000	-141.770508	9.481445	-18.412109	2.000000	-44.336914	-34.796875	12.236328	3.000000	-104.281250	-442.973633	-403.940430
2161.929048	0.000000	-204.464844	-100.526367	-57.207031	1.000000	-139.231445	10.653320	-17.142578	2.000000	-44.727539	-34.601562	12.236328	3.000000	-114.242187	-443.071289	-416.538086
2161.947451	0.000000	-206.222656	-98.280273	-57.695312	1.000000	-137.180664	11.434570	-16.361328	2.000000	-45.411133	-34.601562	11.845703	3.000000	-122.054687	-444.438477	-432.065430
2161.966990	0.000000	-209.250000	-96.620117	-58.964844	1.000000	-136.008789	12.899414	-16.166016	2.000000	-46.094727	-34.894531	11.748047	3.000000	-128.500000	-446.489258	-451.596680
2161.985419	0.000000	-213.546875	-95.545898	-61.406250	1.000000	-135.325195	14.364258	-15.775391	2.000000	-47.266602	-35.382812	11.455078	3.000000	-133.285156	-448.637695	-474.448242
2162.004963	0.000000	-219.601562	-94.764648	-65.117187	1.000000	-135.520508	16.317383	-15.873047	2.000000	-48.536133	-36.261719	11.357422	3.000000	-135.628906	-451.665039	-503.061523
2162.025544	0.000000	-228.195312	-94.178711	-70.488281	1.000000	-136.301758	18.563477	-16.458984	2.000000	-50.782227	-36.945312	10.966797	3.000000	-136.703125	-454.985352	-538.706055
2162.047463	0.000000	-238.742187	-93.885742	-77.714844	1.000000	-137.766602	21.688477	-17.044922	2.000000	-53.418945	-38.898437	10.478516	3.000000	-132.699219	-457.426758	-582.846680
2162.067023	0.000000	-250.656250	-93.788086	-86.406250	1.000000	-138.938477	24.715820	-17.923828	2.000000	-56.055664	-40.558594	9.794922	3.000000	-125.082031	-458.500977	-626.987305
2162.085442	0.000000	-263.449219	-94.081055	-96.269531	1.000000	-141.965820	28.036133	-19.486328	2.000000	-59.375977	-42.316406	9.208984	3.000000	-113.558594	-457.719727	-673.569336
2162.104952	0.000000	-278.781250	-94.178711	-109.746094	1.000000	-145.188477	32.235352	-21.732422	2.000000	-63.086914	-44.757812	8.427734	3.000000	-94.613281	-453.813477	-726.108398
2162.125524	0.000000	-297.433594	-93.983398	-126.445312	1.000000	-148.704102	36.825195	-23.197266	2.000000	-67.969727	-47.980469	7.353516	3.000000	-68.246094	-444.438477	-784.506836
2162.144990	0.000000	-317.550781	-93.104492	-146.367187	1.000000	-152.512695	42.489258	-25.833984	2.000000	-72.657227	-51.203125	5.498047	3.000000	-33.968750	-429.106445	-841.245117
2162.163385	0.000000	-339.035156	-91.639648	-168.828125	1.000000	-156.516602	48.446289	-28.275391	2.000000	-78.321289	-55.597656	3.642578	3.000000	6.363281	-409.086914	-892.905273
2162.182947	0.000000	-364.132812	-89.002930	-198.222656	1.000000	-161.008789	55.282227	-31.595703	2.000000	-84.864258	-59.992187	1.494141	3.000000	58.707031	-379.399414	-941.635742
2162.203549	0.000000	-393.039062	-83.827148	-235.722656	1.000000	-165.989258	63.485352	-35.599609	2.000000	-93.653320	-66.144531	-2.509766	3.000000	122.769531	-339.555664	-982.065430
2162.223070	0.000000	-421.457031	-76.600586	-278.105469	1.000000	-170.188477	72.665039	-39.701172	2.000000	-103.223633	-72.492187	-6.318359	3.000000	190.250000	-292.973633	-1005.307617
2162.241514	0.000000	-449.582031	-66.737305	-325.273437	1.000000	-174.094727	81.942383	-43.998047	2.000000	-112.989258	-80.109375	-11.201172	3.000000	256.656250	-243.071289	-1009.409180
2162.263556	0.000000	-482.785156	-48.963867	-392.070312	1.000000	-178.586914	94.344727	-49.076172	2.000000	-126.270508	-90.265625	-19.111328	3.000000	336.539062	-177.836914	-989.975586
2162.285588	0.000000	-482.785156	-48.963867	-392.070312	1.000000	-181.125977	108.114258	-55.033203	2.000000	-141.700195	-102.375000	-29.072266	3.000000	409.000000	-110.551758	-941.733398
2162.306468	0.000000	-535.226562	8.946289	-556.621094	1.000000	-182.297852	122.079102	-60.306641	2.000000	-158.008789	-115.851562	-41.865234	3.000000	465.250000	-48.930664	-871.518555
2162.326518	0.000000	-547.335937	48.692383	-646.367187	1.000000	-181.418945	136.434570	-65.189453	2.000000	-176.075195	-130.988281	-57.685547	3.000000	504.214844	3.217773	-785.581055
2162.345404	0.000000	-547.335937	48.692383	-646.367187	1.000000	-180.442383	149.813477	-69.876953	2.000000	-194.629883	-147.785156	-76.630859	3.000000	525.210937	44.721680	-695.444336
2162.365090	0.000000	-547.335937	48.692383	-646.367187	1.000000	-176.438477	164.168945	-74.857422	2.000000	-216.114258	-167.218750	-100.849609	3.000000	530.972656	78.022461	-597.299805
2162.384794	0.000000	-491.183594	211.680664	-910.917969	1.000000	-170.188477	178.426758	-78.470703	2.000000	-238.379883	-189.484375	-131.904297	3.000000	521.402344	101.752930	-499.936523
2162.405556	0.000000	-428.585937	281.016602	-984.746094	1.000000	-160.129883	192.000977	-81.302734	2.000000	-263.086914	-216.046875	-172.724609	3.000000	498.648437	117.182617	-403.940430
2162.427592	0.000000	-336.691406	353.477539	-1035.332031	1.000000	-147.922852	205.086914	-82.669922	2.000000	-288.477539	-247.394531	-226.240234	3.000000	464.273437	124.311523	-313.901367
2162.449568	0.000000	-225.558594	417.540039	-1051.738281	1.000000	-132.883789	215.243164	-82.572266	2.000000	-311.329102	-280.988281	-291.962891	3.000000	422.964844	124.213867	-237.729492
2162.471449	0.000000	-105.148437	467.051758	-1031.230469	1.000000	-116.379883	223.543945	-81.498047	2.000000	-328.223633	-315.460937	-369.990234	3.000000	379.703125	119.038086	-175.620117
2162.490994	0.000000	1.296875	495.469727	-983.867187	1.000000	-100.168945	227.938477	-78.861328	2.000000	-335.450195	-346.710937	-449.677734	3.000000	341.617187	111.518555	-130.698242
2162.509375	0.000000	94.460937	508.165039	-919.023437	1.000000	-85.032227	229.598633	-75.443359	2.000000	-332.813477	-374.152344	-531.806641	3.000000	307.437500	103.706055	-96.616211
2162.528895	0.000000	180.105469	507.090820	-835.039062	1.000000	-67.649414	229.500977	-70.755859	2.000000	-317.481445	-399.640625	-624.580078	3.000000	273.550781	94.721680	-67.221680
2162.549439	0.000000	250.222656	491.954102	-736.601562	1.000000	-50.950195	226.473633	-64.994141	2.000000	-284.961914	-420.148437	-722.529297	3.000000	240.640625	84.760742	-44.077148
2162.569006	0.000000	297.390625	467.735352	-641.679687	1.000000	-35.813477	221.297852	-58.841797	2.000000	-237.793945	-432.062500	-810.517578	3.000000	213.101562	76.166992	-26.596680
2162.587378	0.000000	326.589844	439.219727	-555.937500	1.000000	-22.141602	215.243164	-53.275391	2.000000	-179.004883	-435.187500	-883.173828	3.000000	190.054687	68.647461	-14.291992
2162.606885	0.000000	344.070312	404.747070	-471.757812	1.000000	-9.348633	207.918945	-46.927734	2.000000	-103.809570	-429.914062	-944.404297	3.000000	168.472656	61.420898	-4.038086
2162.627468	0.000000	349.539062	366.954102	-392.949219	1.000000	2.174805	199.129883	-40.677734	2.000000	-15.137695	-415.363281	-986.787109	3.000000	148.843750	54.682617	4.067383
2162.646989	0.000000	346.121094	331.700195	-328.007812	1.000000	12.038086	190.047852	-34.623047	2.000000	71.776367	-394.367187	-1004.462891	3.000000	132.828125	48.334961	9.536133
2162.667571	0.000000	335.378906	296.739258	-270.097656	1.000000	21.022461	180.672852	-29.056641	2.000000	160.936523	-366.242187	-999.287109	3.000000	118.570312	42.573242	13.930664
2162.687059	0.000000	321.609375	266.465820	-223.906250	1.000000	27.467773	171.493164	-24.076172	2.000000	237.206055	-336.554687	-975.361328	3.000000	106.460937	38.276367	16.762695
2162.705432	0.000000	308.621094	241.172852	-187.675781	1.000000	33.717773	163.094727	-19.681641	2.000000	300.291992	-307.746094	-938.935547	3.000000	96.988281	34.565430	19.204102
2162.724965	0.000000	292.800781	216.563477	-155.839844	1.000000	38.209961	154.989258	-15.482422	2.000000	354.881836	-278.058594	-889.228516	3.000000	88.003906	30.854492	20.375977
2162.745529	0.000000	276.785156	193.907227	-128.496094	1.000000	42.018555	147.567383	-11.576172	2.000000	399.315430	-249.347656	-829.169922	3.000000	79.410156	27.827148	21.547852
2162.765011	0.000000	262.136719	175.157227	-107.402344	1.000000	45.045898	140.145508	-8.841797	2.000000	429.686523	-225.617187	-769.697266	3.000000	73.453125	24.995117	22.231445
2162.783406	0.000000	249.734375	160.020508	-90.996094	1.000000	48.073242	134.286133	-6.791016	2.000000	448.045898	-205.890625	-714.326172	3.000000	68.570312	22.651367	23.110352
2162.802930	0.000000	237.429687	145.958008	-77.128906	1.000000	49.831055	129.208008	-4.642578	2.000000	460.545898	-187.921875	-658.369141	3.000000	63.882812	20.893555	23.012695
2162.823490	0.000000	226.492187	133.458008	-65.312500	1.000000	51.491211	124.129883	-2.591797	2.000000	466.014648	-172.785156	-603.876953	3.000000	59.683594	19.135742	22.817383
2162.843067	0.000000	217.019531	123.008789	-55.937500	1.000000	53.834961	120.028320	-1.126953	2.000000	466.014648	-161.554687	-556.806641	3.000000	56.460937	17.573242	23.208008
2162.861477	0.000000	209.695312	114.708008	-49.199219	1.000000	55.690430	117.098633	-0.052734	2.000000	463.280273	-153.839844	-517.353516	3.000000	54.117187	16.694336	23.696289
2162.881047	0.000000	203.250000	107.286133	-43.242187	1.000000	57.057617	114.266602	0.728516	2.000000	457.713867	-148.468750	-480.341797	3.000000	51.578125	15.229492	23.110352
2162.899451	0.000000	198.757812	101.231445	-39.628906	1.000000	58.620117	112.801758	1.412109	2.000000	451.659180	-145.539062	-450.361328	3.000000	50.308594	14.155273	23.208008
2162.919011	0.000000	195.242187	95.762695	-36.601562	1.000000	60.280273	111.727539	1.314453	2.000000	443.651367	-144.269531	-423.408203	3.000000	48.257812	13.178711	23.012695
2162.937406	0.000000	193.093750	91.856445	-34.550781	1.000000	62.135742	111.532227	0.826172	2.000000	436.424805	-145.050781	-402.216797	3.000000	47.671875	13.081055	22.915039
2162.957025	0.000000	192.312500	88.340820	-33.183594	1.000000	63.991211	112.020508	0.826172	2.000000	428.709961	-147.882812	-383.759766	3.000000	47.281250	12.495117	22.622070
2162.975446	0.000000	192.507812	85.801758	-32.890625	1.000000	66.041992	113.192383	-0.443359	2.000000	422.069336	-152.082031	-369.501953	3.000000	46.500000	12.006836	23.208008
2162.995004	0.000000	194.167969	83.653320	-33.183594	1.000000	68.288086	114.852539	-1.615234	2.000000	415.233398	-158.136719	-357.587891	3.000000	46.207031	11.518555	22.817383
2163.013409	0.000000	197.097656	82.188477	-34.550781	1.000000	71.120117	117.977539	-3.177734	2.000000	408.397461	-165.949219	-349.482422	3.000000	46.792969	11.127930	22.817383
2163.032967	0.000000	201.589844	80.821289	-37.187500	1.000000	74.538086	121.688477	-5.228516	2.000000	401.659180	-176.007812	-343.427734	3.000000	47.867187	10.639648	22.719727
2163.051406	0.000000	207.253906	80.040039	-40.507812	1.000000	77.565430	126.278320	-8.353516	2.000000	395.116211	-186.847656	-339.521484	3.000000	47.867187	10.541992	23.403320
2163.070941	0.000000	214.285156	79.844727	-45.488281	1.000000	81.276367	132.333008	-11.966797	2.000000	387.694336	-200.226562	-338.251953	3.000000	49.625000	10.541992	23.403320
2163.091557	0.000000	224.246094	80.040039	-51.835937	1.000000	86.256836	140.438477	-16.654297	2.000000	379.881836	-216.046875	-337.861328	3.000000	50.894531	10.249023	22.817383
2163.113469	0.000000	236.746094	80.528320	-60.429687	1.000000	91.530273	150.106445	-22.708984	2.000000	369.725586	-234.699219	-339.814453	3.000000	53.531250	10.053711	23.598633
2163.133036	0.000000	250.515625	81.211914	-70.585937	1.000000	96.217773	160.750977	-29.447266	2.000000	359.666992	-253.351562	-342.255859	3.000000	56.558594	10.151367	23.110352
2163.151436	0.000000	265.359375	81.895508	-81.816406	1.000000	102.077148	172.372070	-37.650391	2.000000	347.752930	-272.199219	-345.087891	3.000000	59.292969	9.858398	23.012695
2163.170948	0.000000	283.132812	82.481445	-97.343750	1.000000	107.838867	186.434570	-47.904297	2.000000	332.420898	-293.000000	-347.431641	3.000000	63.101562	9.565430	22.817383
2163.191519	0.000000	304.617187	82.579102	-116.777344	1.000000	113.991211	204.208008	-60.990234	2.000000	313.377930	-315.265625	-349.287109	3.000000	67.007812	9.956055	22.524414
2163.211004	0.000000	327.859375	81.993164	-139.335937	1.000000	120.338867	222.958008	-75.736328	2.000000	292.284180	-335.871094	-349.580078	3.000000	72.378906	9.467773	22.133789
2163.229402	0.000000	351.394531	80.625977	-165.019531	1.000000	125.319336	242.977539	-92.923828	2.000000	269.530273	-354.718750	-348.603516	3.000000	77.554687	9.077148	21.938477
2163.248965	0.000000	378.445312	77.500977	-198.222656	1.000000	129.713867	267.000977	-114.896484	2.000000	242.479492	-372.882812	-344.794922	3.000000	84.488281	8.491211	21.352539
2163.269557	0.000000	409.011719	71.836914	-240.312500	1.000000	132.741211	295.028320	-142.630859	2.000000	210.350586	-388.898437	-337.177734	3.000000	92.496094	7.905273	19.790039
2163.289052	0.000000	438.503906	63.633789	-288.066406	1.000000	133.034180	324.032227	-174.076172	2.000000	176.854492	-399.933594	-326.826172	3.000000	102.261719	6.538086	18.129883
2163.307567	0.000000	465.164062	51.524414	-340.800781	1.000000	130.397461	353.133789	-208.353516	2.000000	144.041992	-405.988281	-313.251953	3.000000	110.562500	4.975586	16.274414
2163.329608	0.000000	494.460937	31.114258	-413.359375	1.000000	120.729492	388.778320	-255.130859	2.000000	104.881836	-407.843750	-292.548828	3.000000	123.648437	2.436523	12.758789
2163.350485	0.000000	515.457031	4.551758	-492.167969	1.000000	104.323242	421.883789	-304.740234	2.000000	69.041992	-403.156250	-270.478516	3.000000	137.125000	-0.200195	8.852539
2163.370531	0.000000	526.296875	-28.358398	-575.175781	1.000000	79.518555	451.083008	-355.521484	2.000000	35.741211	-392.902344	-246.455078	3.000000	151.968750	-4.399414	3.969727
2163.389402	0.000000	526.296875	-28.358398	-575.175781	1.000000	47.487305	474.520508	-404.349609	2.000000	7.518555	-378.742187	-223.017578	3.000000	168.082031	-9.184570	-2.475586
2163.409091	0.000000	526.296875	-28.358398	-575.175781	1.000000	4.030273	491.317383	-454.544922	2.000000	-18.458008	-360.187500	-197.138672	3.000000	185.074219	-15.922852	-10.092773
2163.428789	0.000000	471.218750	-168.788086	-822.148437	1.000000	-48.118164	499.227539	-500.150391	2.000000	-39.844727	-338.312500	-171.259766	3.000000	204.410156	-24.418945	-20.053711
2163.449566	0.000000	411.648437	-230.116211	-892.265625	1.000000	-110.813477	494.735352	-538.919922	2.000000	-57.227539	-312.726562	-145.185547	3.000000	225.601562	-35.844727	-33.432617
2163.471591	0.000000	326.589844	-294.471680	-944.121094	1.000000	-182.297852	475.594727	-564.896484	2.000000	-72.071289	-284.503906	-119.599609	3.000000	248.941406	-50.786133	-50.229492
2163.493499	0.000000	225.320312	-352.381836	-966.386719	1.000000	-252.512695	442.684570	-571.244141	2.000000	-81.739258	-256.476562	-96.845703	3.000000	271.890625	-69.438477	-70.151367
2163.515452	0.000000	114.871094	-398.768555	-955.839844	1.000000	-315.305664	398.446289	-558.353516	2.000000	-87.403320	-229.230469	-76.826172	3.000000	294.742187	-91.704102	-94.370117
2163.534983	0.000000	17.800781	-427.967773	-920.878906	1.000000	-360.422852	353.036133	-532.572266	2.000000	-89.942383	-206.085937	-61.298828	3.000000	312.222656	-115.239258	-118.393555
2163.553361	0.000000	-66.769531	-443.495117	-868.828125	1.000000	-391.477539	308.309570	-498.490234	2.000000	-90.333008	-186.261719	-48.505859	3.000000	327.066406	-140.239258	-143.393555
2163.572865	0.000000	-143.625000	-447.401367	-798.710937	1.000000	-412.278320	261.141602	-454.642578	2.000000	-88.868164	-166.535156	-36.787109	3.000000	338.394531	-169.633789	-171.909180
2163.591498	0.000000	-204.074219	-440.858398	-723.613281	1.000000	-420.969727	218.368164	-408.841797	2.000000	-86.719727	-149.640625	-27.509766	3.000000	344.546875	-199.809570	-199.741211
2163.611022	0.000000	-251.242187	-424.745117	-641.875000	1.000000	-419.211914	178.524414	-359.037109	2.000000	-83.692383	-133.722656	-19.697266	3.000000	345.914062	-233.305664	-230.112305
2163.629421	0.000000	-282.980469	-403.358398	-565.898437	1.000000	-409.250977	145.321289	-313.529297	2.000000	-80.469727	-120.441406	-13.447266	3.000000	340.738281	-265.336914	-257.944336
2163.648965	0.000000	-303.390625	-377.186523	-489.921875	1.000000	-393.333008	115.926758	-268.802734	2.000000	-76.954102	-107.941406	-8.076172	3.000000	329.703125	-298.637695	-286.655273
2163.669522	0.000000	-313.742187	-347.010742	-417.460937	1.000000	-372.141602	90.633789	-226.615234	2.000000	-73.243164	-96.515625	-3.388672	3.000000	311.246094	-332.426758	-313.315430
2163.689028	0.000000	-315.109375	-318.495117	-356.328125	1.000000	-349.192383	70.809570	-191.458984	2.000000	-69.532227	-87.140625	0.126953	3.000000	287.613281	-361.528320	-335.288086
2163.707411	0.000000	-311.300781	-292.518555	-305.742187	1.000000	-327.708008	56.063477	-162.455078	2.000000	-66.504883	-79.132812	2.958984	3.000000	261.246094	-385.942383	-352.377930
2163.726907	0.000000	-303.390625	-266.346680	-259.746094	1.000000	-304.563477	43.758789	-136.087891	2.000000	-62.500977	-71.613281	5.302734	3.000000	230.191406	-408.110352	-366.538086
2163.747484	0.000000	-292.550781	-241.444336	-218.828125	1.000000	-281.907227	33.602539	-113.041016	2.000000	-59.375977	-65.167969	7.255859	3.000000	195.132812	-426.860352	-377.182617
2163.767037	0.000000	-281.222656	-219.862305	-186.699219	1.000000	-261.399414	26.375977	-94.779297	2.000000	-56.543945	-60.187500	8.525391	3.000000	161.148437	-439.946289	-383.823242
2163.785442	0.000000	-270.675781	-201.991211	-161.992187	1.000000	-243.821289	21.297852	-80.228516	2.000000	-54.883789	-55.500000	9.306641	3.000000	129.214844	-448.637695	-387.436523
2163.804971	0.000000	-259.445312	-184.901367	-139.335937	1.000000	-227.024414	17.293945	-67.630859	2.000000	-52.442383	-51.593750	10.478516	3.000000	96.402344	-454.692383	-388.413086
2163.825548	0.000000	-248.507812	-169.471680	-120.097656	1.000000	-211.008789	13.973633	-56.498047	2.000000	-50.586914	-47.980469	10.966797	3.000000	63.882812	-457.719727	-387.534180
2163.845049	0.000000	-238.253906	-156.483398	-104.667969	1.000000	-197.434570	11.434570	-47.806641	2.000000	-48.633789	-45.148437	11.552734	3.000000	35.367187	-458.110352	-385.776367
2163.863446	0.000000	-230.343750	-145.936523	-93.046875	1.000000	-186.887695	10.067383	-41.166016	2.000000	-46.973633	-42.707031	12.041016	3.000000	10.855469	-457.231445	-383.334961
2163.882990	0.000000	-222.726562	-136.561523	-83.183594	1.000000	-176.340820	8.602539	-35.404297	2.000000	-45.997070	-40.656250	11.845703	3.000000	-12.972656	-454.887695	-381.967773
2163.901410	0.000000	-216.867187	-128.651367	-75.468750	1.000000	-168.235352	8.114258	-30.814453	2.000000	-45.508789	-38.996094	12.236328	3.000000	-32.894531	-452.348633	-381.870117
2163.921018	0.000000	-212.082031	-121.229492	-69.218750	1.000000	-160.129883	7.918945	-26.908203	2.000000	-43.946289	-37.531250	12.333984	3.000000	-52.035156	-449.711914	-382.456055
2163.939431	0.000000	-208.078125	-115.467773	-64.531250	1.000000	-154.075195	7.821289	-23.978516	2.000000	-43.360352	-36.457031	12.431641	3.000000	-68.246094	-447.270508	-385.092773
2163.958968	0.000000	-205.734375	-110.194336	-60.917969	1.000000	-149.290039	8.309570	-21.537109	2.000000	-43.750977	-35.382812	12.626953	3.000000	-83.089844	-445.024414	-389.389648
2163.979599	0.000000	-203.292969	-105.702148	-57.695312	1.000000	-144.309570	8.504883	-19.291016	2.000000	-43.555664	-34.796875	12.724609	3.000000	-96.468750	-443.461914	-396.713867
2164.001460	0.000000	-203.585937	-102.186523	-56.621094	1.000000	-140.403320	9.383789	-17.533203	2.000000	-43.653320	-34.406250	12.529297	3.000000	-109.554687	-443.168945	-408.041992
2164.021016	0.000000	-204.367187	-99.549805	-56.425781	1.000000	-137.571289	10.555664	-16.751953	2.000000	-44.336914	-34.601562	12.333984	3.000000	-118.832031	-443.461914	-421.909180
